Id,SalePrice
1461,132586.5
1462,154274.5
1463,186825.42
1464,182168.78
1465,195072.68
1466,182363.5
1467,166814.32
1468,174168.9
1469,171852.65
1470,128793.2
1471,220195.61
1472,99732.0
1473,102141.0
1474,152040.0
1475,111680.5
1476,364000.55
1477,240773.48
1478,293240.13
1479,278902.19
1480,465299.77
1481,307874.35
1482,203873.96
1483,189682.46
1484,167471.14
1485,171169.01
1486,195821.81
1487,350626.89
1488,231121.63
1489,199236.13
1490,250038.75
1491,188357.6
1492,95000.77
1493,172496.82
1494,287889.55
1495,287931.55
1496,250857.03
1497,195440.33
1498,154917.63
1499,154059.48
1500,163123.6
1501,171472.05
1502,151717.3
1503,254051.82
1504,227888.53
1505,218267.62
1506,184940.82
1507,239914.02
1508,192133.19
1509,167663.5
1510,151483.5
1511,157805.87
1512,178732.3
1513,142755.15
1514,158851.84
1515,250458.23
1516,160069.68
1517,155047.5
1518,129845.9
1519,234711.78
1520,139540.5
1521,149565.5
1522,160816.8
1523,112483.71
1524,122194.75
1525,127838.98
1526,127854.0
1527,110064.25
1528,127395.29
1529,147119.87
1530,161923.0
1531,139419.92
1532,107045.3
1533,151571.35
1534,113060.58
1535,164879.14
1536,124878.96
1537,83340.15
1538,142616.89
1539,245471.89
1540,127724.53
1541,146610.59
1542,148428.37
1543,183618.78
1544,75185.83
1545,107163.15
1546,123637.0
1547,145467.34
1548,135609.55
1549,118959.0
1550,140914.35
1551,118202.11
1552,159418.03
1553,151381.44
1554,111146.66
1555,174073.99
1556,102695.04
1557,146646.61
1558,84148.5
1559,143389.53
1560,154533.5
1561,192358.01
1562,124784.75
1563,123352.33
1564,165848.6
1565,158353.0
1566,238028.84
1567,83030.0
1568,227510.66
1569,164070.69
1570,138362.5
1571,126218.74
1572,149468.25
1573,233915.79
1574,125757.0
1575,218906.24
1576,241284.05
1577,193431.49
1578,147327.71
1579,143034.9
1580,180908.72
1581,147579.25
1582,129874.5
1583,317690.98
1584,243397.38
1585,141555.28571428568
1586,75710.93
1587,108947.59
1588,154687.52
1589,102935.56
1590,133553.0
1591,102441.6
1592,122280.25
1593,115351.41
1594,176092.77
1595,142369.9
1596,236178.27
1597,180764.8
1598,202965.52
1599,154324.85
1600,167033.5
1601,90657.55
1602,121465.75
1603,95208.84
1604,292888.87
1605,239004.29
1606,165774.5
1607,180268.27
1608,199795.42
1609,181394.16
1610,169814.96
1611,144569.5
1612,174589.37
1613,166551.62
1614,114170.66
1615,86596.54
1616,83645.5
1617,88442.8
1618,124246.5
1619,131500.0
1620,161118.97
1621,139209.14
1622,158984.84
1623,272481.92
1624,238952.0
1625,136190.68
1626,170897.0
1627,184552.33
1628,256802.37
1629,174805.12
1630,385714.15
1631,181943.5
1632,232124.75
1633,167334.69
1634,193606.43
1635,178190.14
1636,156801.21
1637,185130.67
1638,201085.85
1639,175155.32
1640,227683.73
1641,176260.32
1642,234055.25
1643,223030.27
1644,221445.54
1645,179375.5
1646,156169.5
1647,157552.0
1648,141838.5
1649,140620.5
1650,124631.6
1651,120567.76
1652,96719.0
1653,98622.0
1654,158929.82
1655,138749.07
1656,150391.4
1657,157368.5
1658,167136.66
1659,121506.0
1660,156777.47333333333
1661,463097.23
1662,353024.46
1663,359737.24
1664,496646.03
1665,299481.39
1666,337198.12
1667,346015.56
1668,316472.33
1669,287587.97
1670,320621.62
1671,270605.72
1672,444757.83
1673,291655.97
1674,245375.97
1675,207377.06
1676,207912.78
1677,211346.92
1678,496971.02
1679,396065.38
1680,313924.37
1681,243647.31
1682,309002.22
1683,195458.96
1684,173379.0
1685,175808.25
1686,171735.21
1687,168334.04
1688,187629.55
1689,189683.66
1690,181295.64
1691,173022.17
1692,257785.49
1693,169137.76
1694,178497.9
1695,169913.22
1696,268752.75
1697,164341.22
1698,326451.42
1699,310228.88
1700,253369.4
1701,259132.0
1702,250176.92
1703,248682.75
1704,277576.56
1705,214156.2
1706,485906.99
1707,213640.32
1708,194751.41
1709,236296.4
1710,215159.58
1711,267932.04
1712,242790.1
1713,274388.4
1714,210219.03
1715,200358.16
1716,187220.07
1717,158852.21666666667
1718,129408.21
1719,206594.68
1720,239026.08
1721,156078.82333333333
1722,123248.96
1723,153719.08
1724,200705.71
1725,235510.84
1726,196375.5
1727,187998.44
1728,178301.37
1729,158953.42
1730,147255.74
1731,117590.5
1732,134595.73
1733,129406.43
1734,127719.75
1735,136513.8333333333
1736,115954.88
1737,337749.03
1738,209023.15
1739,350367.04
1740,231519.03
1741,200155.16
1742,170450.85
1743,175003.98
1744,299365.72
1745,220066.84
1746,273634.47
1747,215276.19
1748,235263.81
1749,162721.32
1750,147796.96
1751,222191.41
1752,124390.83
1753,141067.1
1754,191514.31
1755,167488.09
1756,122781.0
1757,121751.82
1758,149832.0
1759,165023.0
1760,156995.0
1761,147094.33
1762,195741.9
1763,168040.58
1764,118497.33
1765,224481.91
1766,176126.0
1767,199694.9
1768,140185.64
1769,153935.0
1770,142169.11904761902
1771,140995.0
1772,143206.0
1773,136424.37
1774,138388.59
1775,132621.5
1776,137524.75
1777,120533.58
1778,138405.73
1779,132693.26
1780,169616.02
1781,131062.25
1782,108334.58
1783,137919.29
1784,121816.45
1785,109877.1
1786,166828.48
1787,170400.86
1788,73090.93
1789,90445.43
1790,99191.41
1791,189420.59
1792,154018.75
1793,133244.32
1794,135230.8333333333
1795,140002.0
1796,144878.09
1797,111714.65
1798,118534.16
1799,114753.33
1800,144941.99
1801,132133.79
1802,135926.4
1803,150179.48
1804,142475.2333333333
1805,132651.5
1806,115326.54
1807,143185.58
1808,125149.5
1809,128980.24
1810,151508.21
1811,136667.71
1812,118317.58
1813,122347.0
1814,104673.58
1815,67110.55
1816,107633.86
1817,177911.18
1818,138486.39
1819,115317.87
1820,93808.52
1821,120941.9
1822,147158.87
1823,62239.2
1824,132036.0
1825,144106.83
1826,113482.52
1827,107370.54
1828,138986.0
1829,108244.77
1830,133726.06
1831,142413.53
1832,120231.34
1833,140447.36
1834,141030.28
1835,145544.08
1836,125594.61
1837,107335.34
1838,135314.8
1839,93054.7
1840,160593.79
1841,146427.61
1842,98571.5
1843,146088.0
1844,141313.03
1845,148501.41
1846,153892.5
1847,176630.6
1848,73281.0
1849,124712.63
1850,127570.0
1851,161028.82
1852,125274.75
1853,147069.75
1854,156265.32
1855,184586.28
1856,214997.07
1857,223337.89
1858,146388.4
1859,120749.07
1860,155326.68
1861,121597.65
1862,271601.56
1863,262545.69
1864,262545.69
1865,318897.36
1866,311736.98
1867,233226.84
1868,320426.86
1869,201258.23
1870,216774.82
1871,250535.65
1872,170742.67
1873,219965.8
1874,140469.0
1875,196211.78
1876,190063.8
1877,225371.71
1878,211717.8
1879,134598.66
1880,133623.2
1881,259287.24
1882,245145.29
1883,198771.0
1884,214036.64
1885,245169.94
1886,320091.61
1887,215074.26
1888,270014.33
1889,166542.26
1890,138461.75
1891,142409.25
1892,113159.0
1893,139458.41
1894,126579.24
1895,146436.14
1896,121413.91
1897,117851.0
1898,108223.34
1899,152518.96
1900,118596.79
1901,172601.0
1902,152519.43
1903,194796.73
1904,136806.63
1905,173764.46
1906,154864.84
1907,213665.7
1908,113901.02
1909,132282.57
1910,121893.51
1911,195626.5
1912,300408.71
1913,151698.59
1914,62206.92
1915,348161.96
1916,80709.87
1917,245113.18
1918,137133.5
1919,165416.33
1920,156081.44
1921,382404.81
1922,312759.68
1923,199608.44
1924,212358.86
1925,231541.22
1926,387309.57
1927,141110.5
1928,139203.83
1929,126850.92
1930,142992.96
1931,136667.6
1932,135438.82
1933,207986.16
1934,178314.78
1935,175168.22
1936,188796.35
1937,181576.28
1938,178731.08
1939,240352.1
1940,192350.67
1941,174889.0
1942,196777.5
1943,197842.19
1944,346064.89
1945,365007.45
1946,161242.01
1947,303278.67
1948,168062.7
1949,243987.22
1950,178897.45
1951,274661.65
1952,223672.62
1953,166466.0
1954,186663.0
1955,129544.33
1956,311102.04
1957,159735.03
1958,300003.38
1959,147446.2
1960,118994.32
1961,121201.1
1962,92572.0
1963,112206.0
1964,109849.38
1965,154028.56
1966,132900.3
1967,289431.65
1968,432907.25
1969,370356.63
1970,455681.48
1971,416053.88
1972,358409.23
1973,249204.89
1974,334105.14
1975,493114.34
1976,269630.02
1977,361017.89
1978,416460.21
1979,279472.68
1980,195707.14
1981,323267.93
1982,233577.98
1983,209694.63
1984,169358.8
1985,224277.2
1986,236630.3
1987,180764.96
1988,180040.0
1989,188086.9
1990,218716.0
1991,228947.13
1992,206235.55
1993,170667.63
1994,242414.6
1995,180615.0
1996,258146.5
1997,300149.65
1998,330225.22
1999,262388.83
2000,301763.18
2001,273671.96
2002,254926.06
2003,247516.85
2004,252463.85
2005,214984.63
2006,203483.8
2007,237278.05
2008,199543.02
2009,202141.5
2010,188854.6
2011,138252.83
2012,168196.16
2013,181861.33
2014,195916.0
2015,196890.35
2016,205734.5
2017,200139.99
2018,122370.5
2019,135162.2
2020,108252.0
2021,115180.32
2022,173695.0
2023,151006.82
2024,273220.09
2025,322128.36
2026,183106.13
2027,153956.41
2028,153520.91
2029,171080.11
2030,266657.74
2031,226451.97
2032,247324.24
2033,243910.06
2034,162766.98
2035,195736.78
2036,179714.3
2037,181362.3
2038,326674.16
2039,189897.95
2040,343464.86
2041,268466.14
2042,201661.92
2043,168094.07
2044,165186.64
2045,200004.0
2046,133202.01
2047,153652.68
2048,135931.5
2049,137692.86
2050,179392.67
2051,114100.0
2052,136356.8
2053,141131.25
2054,97121.84
2055,184121.25
2056,145038.0
2057,128759.1
2058,238777.25
2059,140336.0
2060,168158.24
2061,170848.64
2062,140717.0
2063,114644.29
2064,143226.71
2065,114585.64
2066,177224.46
2067,156488.32
2068,152802.31
2069,87034.5
2070,112854.56
2071,103779.6
2072,138456.0
2073,135568.65
2074,161935.5
2075,151429.14
2076,121905.34
2077,149376.0
2078,129939.33
2079,127781.07
2080,113870.14
2081,120090.5
2082,133628.91
2083,152613.03
2084,112247.16
2085,130414.25
2086,122322.12
2087,121050.62
2088,109117.73
2089,96651.0
2090,136988.24
2091,131014.08
2092,134690.27
2093,138885.43
2094,105751.61
2095,152798.82
2096,90271.8
2097,96420.5
2098,151764.18
2099,68610.99
2100,133813.52
2101,128538.55
2102,134578.93
2103,114063.82
2104,135998.24
2105,149432.85
2106,96455.19
2107,180671.8
2108,115979.62
2109,116949.76
2110,130041.85
2111,150530.0
2112,137657.0
2113,119466.5
2114,111105.83
2115,152855.5
2116,109741.06
2117,147092.56
2118,118257.4
2119,105689.85
2120,121204.37
2121,112241.08
2122,105735.78
2123,88177.08
2124,155345.51
2125,136794.87
2126,145107.1
2127,145022.0
2128,141915.4
2129,99179.62
2130,148810.22
2131,140180.75
2132,116053.38
2133,113249.3
2134,116701.33
2135,106614.02
2136,104252.43
2137,126388.08
2138,138589.5
2139,153438.0
2140,134081.75
2141,144055.66666666666
2142,134531.25
2143,143479.56
2144,136952.6
2145,133941.5
2146,158219.83
2147,167507.0
2148,129568.91
2149,138668.5
2150,189161.64
2151,100988.58
2152,166891.18
2153,157290.84
2154,98395.0
2155,145134.04
2156,308079.81
2157,231294.99
2158,241950.97
2159,231606.34
2160,169548.67
2161,246365.52
2162,366326.21
2163,333751.15
2164,254905.53
2165,171547.22
2166,142505.97
2167,200248.78
2168,211491.78
2169,193987.85
2170,219837.71
2171,156213.32
2172,132508.5
2173,159838.31
2174,241613.45
2175,272978.77
2176,338797.34
2177,262705.48
2178,208392.32
2179,147268.0
2180,184950.58
2181,194783.14
2182,232980.15
2183,192933.5
2184,132458.75
2185,139420.87
2186,143477.74
2187,148407.0
2188,149394.38
2189,259642.5
2190,91080.5
2191,97961.5
2192,91911.5
2193,97837.54
2194,106839.5
2195,117535.99
2196,121764.91
2197,106738.38
2198,145602.39
2199,154203.23
2200,135578.16
2201,129158.75
2202,162600.15
2203,161371.87
2204,179668.64
2205,116822.0
2206,135491.82
2207,188613.42
2208,217973.0
2209,205647.94
2210,118246.46
2211,112747.0
2212,109886.26
2213,101659.0
2214,164243.75
2215,111575.81
2216,152799.19
2217,74257.03
2218,86851.05
2219,72160.42
2220,89993.61
2221,347413.01
2222,311568.3
2223,339468.23
2224,199276.21
2225,139701.93
2226,176038.78
2227,223848.73
2228,278014.42
2229,228012.56
2230,167724.87
2231,205611.13
2232,169691.64
2233,188858.82
2234,237742.6
2235,270513.49
2236,260022.58
2237,358605.32
2238,192453.59
2239,115821.5
2240,157404.5
2241,152294.42
2242,135880.7
2243,145734.5
2244,101133.35
2245,97296.51
2246,140573.25
2247,91772.75
2248,121973.0
2249,121257.33
2250,135962.0
2251,156865.67
2252,161107.49
2253,152637.31
2254,177178.0
2255,183996.78
2256,180164.17
2257,205546.46
2258,164756.99
2259,179385.0
2260,148622.29
2261,174954.07
2262,226749.22
2263,351764.89
2264,420678.47
2265,168796.78
2266,276855.17
2267,419087.88
2268,364766.35
2269,155201.72
2270,171245.67
2271,213444.92
2272,203160.14
2273,165290.5
2274,168871.34
2275,160357.5
2276,170898.37
2277,182164.2
2278,147935.25
2279,120284.25
2280,120761.83
2281,191822.33
2282,216928.21
2283,96026.8
2284,109642.04
2285,132358.87
2286,130503.0
2287,335161.04
2288,276514.45
2289,350142.13
2290,439984.74
2291,330904.94
2292,393524.0
2293,473003.36
2294,414727.2
2295,451553.98
2296,287394.84
2297,325782.92
2298,307354.91
2299,370928.35
2300,325191.48
2301,287158.28
2302,250907.9
2303,230648.97
2304,244342.93
2305,204766.01
2306,210888.28
2307,198954.41
2308,216795.92
2309,275437.8
2310,212264.5
2311,209458.51
2312,176305.96
2313,177109.14
2314,177966.91
2315,176173.95
2316,178290.4
2317,176623.69
2318,176993.6
2319,172722.5
2320,176490.17
2321,249495.36
2322,170737.3
2323,166124.25
2324,170786.72
2325,212018.21
2326,166111.15
2327,216741.25
2328,221907.75
2329,179324.0
2330,176450.5
2331,363185.01
2332,403786.58
2333,307713.1
2334,269206.27
2335,274113.25
2336,327985.53
2337,215515.88
2338,266544.3
2339,218391.18
2340,385824.3
2341,210964.91
2342,218857.48
2343,218770.93
2344,235841.55
2345,240723.97
2346,211848.36
2347,205679.52
2348,222888.4
2349,174710.4
2350,290827.28
2351,253448.42
2352,236042.03
2353,286281.08
2354,122178.21
2355,144943.6
2356,156081.85
2357,196549.17
2358,203527.25
2359,120069.54
2360,116505.0
2361,138710.1
2362,280822.49
2363,138415.32
2364,150537.52
2365,220710.88
2366,172113.99
2367,215544.88
2368,220392.01
2369,214823.18
2370,169166.4
2371,175162.21
2372,191403.57
2373,263321.48
2374,304158.61
2375,220091.13
2376,301499.67
2377,346257.35
2378,149363.0
2379,209378.16
2380,146142.37
2381,165921.5
2382,184120.6
2383,190625.06
2384,240792.83
2385,152338.5
2386,144005.0
2387,142134.0
2388,105077.92
2389,132197.0
2390,149569.0
2391,136866.93
2392,115104.96
2393,156658.5
2394,144212.0
2395,203766.7
2396,144912.32
2397,199030.98
2398,125912.0
2399,77083.48
2400,66488.66
2401,110629.25
2402,138695.75
2403,129527.21
2404,155457.05
2405,158403.0
2406,135688.0
2407,130506.95
2408,136224.05
2409,137445.05
2410,152711.0
2411,125271.5
2412,139282.55
2413,142899.5
2414,135121.5
2415,129627.33
2416,126789.0
2417,121628.16
2418,123958.75
2419,137860.48
2420,128773.78
2421,153087.32
2422,120812.5
2423,149277.9
2424,146626.74
2425,258583.29
2426,125584.71
2427,146646.48
2428,162757.68
2429,114805.58
2430,131506.2
2431,122401.75
2432,133021.5
2433,143585.5
2434,141631.8
2435,149678.14
2436,112969.5
2437,110175.07
2438,125262.6
2439,122324.0
2440,120314.26
2441,103728.04
2442,102303.1
2443,108880.39
2444,123586.46
2445,93072.01
2446,138435.63
2447,207753.95
2448,147892.29
2449,120734.54
2450,147829.22
2451,131782.36
2452,197480.6
2453,104872.0
2454,139481.67
2455,105017.05
2456,140453.34
2457,114755.45
2458,112036.04
2459,110565.86
2460,138990.01
2461,115571.5
2462,133542.0
2463,119104.52
2464,150702.84
2465,132434.4
2466,118213.77
2467,111014.4
2468,97256.34
2469,96202.15
2470,190641.72
2471,179136.32
2472,172383.0
2473,124900.09
2474,126677.1
2475,209881.0
2476,110434.36
2477,133440.0
2478,164632.25
2479,125831.91
2480,139644.88
2481,124007.25
2482,134638.3633333333
2483,117200.0
2484,119689.0
2485,123424.8
2486,149231.84
2487,204762.66
2488,120903.0
2489,159896.5
2490,150499.75
2491,90382.66
2492,180170.32
2493,153580.51
2494,169248.0
2495,117607.63
2496,217248.97
2497,151003.16
2498,119555.66
2499,89312.91
2500,136719.43
2501,131700.39
2502,147320.34
2503,107662.56
2504,182292.99
2505,231789.56
2506,254726.53
2507,307665.03
2508,255569.24
2509,225440.06
2510,220025.26
2511,183150.94
2512,214517.6
2513,215573.16
2514,239549.94
2515,147465.3
2516,149596.69
2517,130437.87
2518,140837.25
2519,225473.69
2520,213543.27
2521,193120.67
2522,215931.15
2523,131964.0
2524,132742.87
2525,137990.0
2526,137747.25
2527,120079.83
2528,125575.5
2529,131350.0
2530,120169.76
2531,264978.84
2532,227813.41
2533,198741.15
2534,224818.09
2535,293446.37
2536,247727.44
2537,216301.77
2538,179607.4
2539,184152.56
2540,185395.42
2541,175618.55
2542,176891.59
2543,129703.93
2544,119956.94
2545,128417.57
2546,142271.0
2547,137830.87
2548,170390.68
2549,158660.23
2550,383967.54
2551,143606.08
2552,116105.0
2553,99452.5
2554,104734.58
2555,112379.83
2556,108981.98
2557,119590.0
2558,186314.89
2559,139332.54
2560,122809.62
2561,101254.0
2562,135511.58
2563,149298.96
2564,165749.0
2565,141508.5
2566,158114.55
2567,137023.18
2568,183480.0
2569,189954.5
2570,115555.46
2571,186965.47
2572,136584.55
2573,204993.52
2574,327118.63
2575,127401.26
2576,135201.95
2577,157850.71
2578,97744.3
2579,97523.26
2580,135965.22
2581,127514.69
2582,120053.88
2583,260393.78
2584,163314.06
2585,195459.54
2586,216494.12
2587,179861.65
2588,125571.41
2589,143207.5
2590,235202.83
2591,218733.11
2592,223135.55
2593,253215.1
2594,161811.74
2595,197852.17
2596,316154.79
2597,210458.57
2598,277434.47
2599,288747.22
2600,201308.78
2601,129571.49999999999
2602,88332.0
2603,99673.68
2604,86594.75
2605,85792.5
2606,147354.8
2607,176327.46
2608,209089.08
2609,170696.06
2610,115705.59
2611,162528.78
2612,153021.83
2613,126325.5
2614,127785.5
2615,155077.0
2616,136385.33
2617,180158.22
2618,178663.72
2619,192276.18
2620,180826.84
2621,183858.29
2622,186233.05
2623,233691.41
2624,295433.68
2625,317020.53
2626,162298.0
2627,154364.86
2628,398966.29
2629,559914.57
2630,327588.49
2631,439362.52
2632,383287.54
2633,304375.02
2634,386559.66
2635,152121.5
2636,188613.93
2637,177825.79
2638,259058.9
2639,177909.78
2640,152583.62
2641,113971.58
2642,238318.51
2643,105179.0
2644,128307.0
2645,97258.0
2646,93543.0
2647,100726.0
2648,140989.5
2649,144104.5
2650,127159.12
2651,155228.89
2652,439688.23
2653,239075.3
2654,278838.26
2655,370212.07
2656,285866.22
2657,334940.77
2658,292603.95
2659,306269.87
2660,345996.35
2661,334418.39
2662,341221.01
2663,270556.68
2664,274803.55
2665,312060.99
2666,274805.77
2667,171065.17
2668,176218.35
2669,180539.78
2670,272044.06
2671,177506.85
2672,189520.3
2673,219202.01
2674,219525.78
2675,159659.69
2676,188888.16
2677,191103.56
2678,255398.74
2679,271568.35
2680,266714.08
2681,397649.99
2682,306276.13
2683,529694.91
2684,307368.5
2685,339961.27
2686,265324.04
2687,335974.89
2688,212790.4
2689,193901.59
2690,440834.38
2691,198309.61
2692,127037.75
2693,190705.74
2694,122784.46
2695,191470.0
2696,186496.2
2697,195797.43
2698,198512.96
2699,199018.85
2700,173805.73
2701,147435.31
2702,122483.85
2703,145327.7
2704,142573.0
2705,128161.66
2706,117273.58
2707,124322.5
2708,139883.0
2709,102929.5
2710,126712.07
2711,301318.74
2712,382992.85
2713,166994.02
2714,151586.63
2715,174243.85
2716,146877.16
2717,185237.71
2718,217640.71
2719,161534.7
2720,157399.0
2721,140027.5
2722,174734.9
2723,142200.5
2724,132735.2
2725,137392.0
2726,145463.0
2727,170899.1
2728,168304.0
2729,159378.95
2730,143185.84
2731,120299.5
2732,117165.08
2733,156220.75
2734,158018.87
2735,139960.75
2736,154034.0
2737,120794.83
2738,129510.71
2739,161250.0
2740,125013.04
2741,150475.87
2742,147128.0
2743,154007.0
2744,149358.5
2745,135266.0
2746,133531.5
2747,153405.46
2748,128789.98
2749,128968.5
2750,134391.0
2751,126734.5
2752,275061.24
2753,151614.49
2754,225023.73
2755,124692.26
2756,108069.8
2757,78484.36
2758,94552.36
2759,154681.5
2760,150540.69
2761,147782.75
2762,143034.5
2763,186305.74
2764,168629.94
2765,228723.54
2766,157213.15
2767,93046.0
2768,123939.51
2769,140130.09
2770,138202.6
2771,121805.99
2772,117092.5
2773,210890.65
2774,140989.34
2775,136061.0
2776,140510.3
2777,155168.83
2778,83319.54
2779,188530.86
2780,96336.44
2781,102460.31
2782,108556.02
2783,115501.29
2784,129012.2
2785,147531.33
2786,91708.22
2787,119820.3
2788,103081.56
2789,140884.0
2790,88673.31
2791,116703.76
2792,72166.94
2793,162792.0
2794,124250.72
2795,117306.88
2796,100850.8
2797,187464.77
2798,126480.59
2799,133289.41
2800,76237.19
2801,111633.16
2802,143816.04
2803,148419.9
2804,150877.96
2805,95563.33
2806,100729.6
2807,128283.2
2808,147262.25
2809,134288.0
2810,135595.0
2811,158150.03
2812,146096.1
2813,173799.62
2814,166712.53
2815,89969.0
2816,226513.97
2817,132993.33
2818,136680.3
2819,188646.02
2820,152299.5
2821,100638.12
2822,190515.12
2823,306238.19
2824,174590.0
2825,164272.46
2826,130400.55
2827,142264.87
2828,272479.53
2829,196907.8
2830,230771.04
2831,191963.25
2832,274415.88
2833,296456.0
2834,216618.48
2835,215417.66
2836,192443.1
2837,161891.5
2838,147374.75
2839,178991.89
2840,190880.0
2841,203528.19
2842,223406.6
2843,145861.89
2844,153205.51
2845,120702.0
2846,217380.18
2847,195454.83
2848,210815.96
2849,211672.15
2850,259857.91
2851,230338.05
2852,212634.74
2853,245432.78
2854,139296.33333333334
2855,210327.24
2856,207748.99
2857,187449.95
2858,204911.44
2859,152999.52
2860,125222.0
2861,147362.07
2862,193694.3
2863,114435.33
2864,273911.23
2865,142758.0
2866,133791.25
2867,101385.01
2868,117271.0
2869,126587.32
2870,162721.5
2871,101648.12
2872,70159.94
2873,110489.75
2874,141180.0
2875,114962.27
2876,154905.68
2877,148988.02
2878,162575.37
2879,147621.25
2880,101465.19
2881,158465.61
2882,173697.0
2883,172011.97
2884,183645.79
2885,176433.61
2886,212587.07
2887,90302.96
2888,129250.76
2889,67270.97
2890,93828.78
2891,134427.87
2892,57364.13
2893,109950.76
2894,65105.34
2895,342703.94
2896,305444.59
2897,199394.0
2898,137281.93
2899,215329.29
2900,158377.87
2901,195363.97
2902,206313.16
2903,364812.4
2904,309009.43
2905,132309.79
2906,183999.06
2907,118703.07
2908,125273.0
2909,139515.78
2910,83921.0
2911,88962.0
2912,152131.9
2913,88779.0
2914,85605.0
2915,85722.04
2916,87936.0
2917,149379.5
2918,104688.0
2919,214148.08
