Id,SalePrice
1461,130346.95822457502
1462,166552.82184224547
1463,183966.80900904076
1464,192269.09450425144
1465,187519.4861086063
1466,174820.17992698046
1467,176367.7954865282
1468,170764.73862543533
1469,181281.7757146727
1470,127020.34099150616
1471,193886.2766841026
1472,94849.24784819662
1473,95029.32556845051
1474,153526.42042667317
1475,119189.26287846593
1476,362771.4410017552
1477,264656.5650104558
1478,307871.88710800064
1479,276859.6843402874
1480,518475.1551719174
1481,336898.6110983955
1482,211513.82316016295
1483,181504.345532111
1484,170454.504525733
1485,189501.40295681788
1486,196144.53159752316
1487,359217.83887472935
1488,215840.31975832026
1489,209062.39110933122
1490,251069.21010848338
1491,192955.9036858474
1492,91845.50789143961
1493,192469.8379159219
1494,281915.6488568142
1495,285122.4723600635
1496,256413.26398088902
1497,184816.93854823988
1498,170078.18325644484
1499,167257.4039932565
1500,171137.34551707734
1501,174984.9054450403
1502,165119.74047235315
1503,276063.7773779694
1504,238226.16323959795
1505,229384.94881747672
1506,192274.19655836376
1507,249550.03175429036
1508,191558.33963137327
1509,163186.98167584
1510,149284.22051900378
1511,148771.2501323495
1512,175534.4979870183
1513,141498.24629713496
1514,162468.88795251367
1515,183625.69801970638
1516,146568.21716862023
1517,180035.27030734438
1518,125544.85408736003
1519,231391.21963699578
1520,137250.8028994822
1521,136237.24095249534
1522,169077.34325953596
1523,110322.3476165308
1524,119137.5895902398
1525,123175.15914461015
1526,123167.35790189222
1527,96311.31043583601
1528,121757.99948470593
1529,151210.39148325694
1530,170157.1627999009
1531,126628.58872087201
1532,100730.7335920991
1533,156618.1686461814
1534,121432.44717503076
1535,164865.47040843993
1536,118654.99220185925
1537,92812.1968978914
1538,162677.12856049836
1539,211908.16196212082
1540,91806.12017963159
1541,143114.91661071748
1542,140431.43688721332
1543,202478.04942875708
1544,79923.37846529976
1545,98306.75399371787
1546,136880.7767065114
1547,159685.52317140938
1548,134544.98602572788
1549,123231.25184681945
1550,139867.81156332104
1551,106619.39868475989
1552,153356.93092976898
1553,156905.3089719556
1554,112088.34485216154
1555,173924.002956989
1556,90061.42013187121
1557,104915.672657124
1558,92295.45267582705
1559,100022.20468420743
1560,118769.31648708617
1561,138497.26181199495
1562,125500.59711017764
1563,126115.96134213032
1564,163711.83531071065
1565,151670.25776360874
1566,231418.17495843617
1567,77764.00887455478
1568,238783.1968524524
1569,146690.29097763565
1570,144662.21449962404
1571,123328.94852502659
1572,145734.91644942522
1573,231066.96079889848
1574,137216.35429224343
1575,214372.96182091473
1576,244295.3619841859
1577,192136.08854437937
1578,142754.00716192985
1579,144504.74773487047
1580,190476.48871161768
1581,170271.59892038142
1582,129841.71885610702
1583,338248.63434018573
1584,223857.19412963712
1585,138705.54324905743
1586,66213.48461594041
1587,100429.65397588487
1588,161428.3624423109
1589,90506.223195066
1590,124602.90593785052
1591,90253.94245701814
1592,106423.07379388159
1593,121337.30596833414
1594,113800.93887170935
1595,120390.44326409968
1596,227821.78180515513
1597,175607.59409392276
1598,209581.8073683552
1599,160916.09797552723
1600,186461.31880768013
1601,83161.69046853072
1602,125141.25083200821
1603,74679.25976289484
1604,271769.980048116
1605,253392.25381227946
1606,167186.57036995993
1607,180928.1561676612
1608,225895.0109025576
1609,181013.49692710923
1610,166481.95775455356
1611,144533.56468990238
1612,185185.55292645685
1613,165726.21165279183
1614,113676.77830830791
1615,93025.41103571147
1616,72213.0799537476
1617,81092.44778561466
1618,122323.06109594251
1619,151756.2630891276
1620,171483.41052169827
1621,140267.50042386053
1622,139725.1395347802
1623,263096.58615204477
1624,228673.70653252347
1625,126038.69402279536
1626,159072.30944657256
1627,183904.4901459051
1628,278753.8589329435
1629,178526.8005224543
1630,295847.86680328095
1631,219768.37981788898
1632,244633.42525547947
1633,176714.44997689416
1634,185667.34715306258
1635,180462.07511682404
1636,161275.42980847353
1637,197950.41042638296
1638,182714.74830681976
1639,189601.90416093008
1640,245009.60098810738
1641,173389.58874774099
1642,242754.94905152862
1643,218593.02500230813
1644,230364.56185612193
1645,225440.25302488578
1646,163315.02746427848
1647,141750.566831995
1648,143064.91506754863
1649,137376.6780438665
1650,116201.59544465461
1651,117568.60707223971
1652,94980.65112992411
1653,96756.49558482291
1654,145128.15652036233
1655,142289.3482265368
1656,150448.7316705616
1657,145567.92590494532
1658,151752.14391520736
1659,125609.6058449075
1660,146996.13017079758
1661,456515.2652334782
1662,357482.5692037793
1663,377483.9934382423
1664,488063.4760855985
1665,306228.7311824126
1666,326147.9320792162
1667,364470.9803830501
1668,318013.89672060154
1669,300702.1368791717
1670,325133.3996916907
1671,254258.3331063456
1672,421901.74820158014
1673,304994.304087233
1674,266175.8361300153
1675,193734.2969138652
1676,201158.47489933003
1677,220823.17181635607
1678,486951.69010264234
1679,385270.49805273005
1680,360705.02107256354
1681,251938.9227679567
1682,295930.9334066333
1683,175172.8444135241
1684,165235.0755102481
1685,169373.84020164245
1686,169400.93303517718
1687,170073.71318358317
1688,193095.8146859418
1689,187953.0619672349
1690,187577.24568719612
1691,184610.80279722105
1692,285077.9283395658
1693,170037.06269890393
1694,178500.07646207188
1695,163546.26756083194
1696,283531.02598413086
1697,164289.15258901415
1698,330492.1860714569
1699,353219.48292314884
1700,254871.13156937095
1701,266445.36494983174
1702,237632.75819309993
1703,233759.3264416546
1704,280060.572542089
1705,216549.46168518774
1706,471845.0951043496
1707,209714.1478345617
1708,206428.76307282088
1709,263382.9518544416
1710,235203.81540820174
1711,269487.20992514264
1712,234185.42597821914
1713,302618.5603371015
1714,225826.01310928192
1715,215474.82149881407
1716,172435.40515924402
1717,163770.76375899033
1718,134385.4902696126
1719,194987.34253202975
1720,244495.04384674574
1721,156882.47082927977
1722,135626.83198688884
1723,151737.34341845472
1724,205851.9755562228
1725,238898.20353509294
1726,195661.8374229912
1727,162106.05988356684
1728,162576.4447902925
1729,171175.1260223953
1730,151961.35548621905
1731,119848.6616148461
1732,132903.98406211435
1733,115883.14480158071
1734,121775.71719432571
1735,117584.0301755404
1736,119745.77788948068
1737,338591.5642655535
1738,228078.46072886666
1739,254550.91640351075
1740,216517.13421788168
1741,202982.21924901058
1742,162446.51322211756
1743,174961.17231824223
1744,320683.10151860345
1745,217322.9825927381
1746,200853.6835653687
1747,222298.3684296885
1748,227553.9096626235
1749,160638.46689767606
1750,126238.1695463735
1751,233520.02225749288
1752,115881.34429601872
1753,154370.2656521849
1754,180852.4278899777
1755,174061.2571931169
1756,128241.04447254163
1757,121208.99630077003
1758,137917.7077680419
1759,154753.05230131984
1760,164485.3333407893
1761,135794.3643486724
1762,189124.60935706997
1763,177824.06330424894
1764,120006.50689940223
1765,183589.2193541667
1766,176078.3476928514
1767,208379.45743538797
1768,149277.2449317153
1769,166024.84279161203
1770,147394.6009457977
1771,124805.1357381441
1772,130570.90014541072
1773,131019.42011947797
1774,142889.16533682734
1775,139668.9223724495
1776,126479.63774856909
1777,114346.66232192474
1778,144437.3979704478
1779,132578.92750602894
1780,162490.40681143833
1781,134848.19296784146
1782,104009.03993645465
1783,145248.25957919346
1784,119674.95411746434
1785,116343.29253132053
1786,153827.00672707905
1787,170940.42818519907
1788,81061.68753536868
1789,92377.13168648792
1790,95035.06399346134
1791,201893.64237888507
1792,148708.50548186255
1793,125638.202411595
1794,147622.96834428594
1795,128597.5798497949
1796,125354.19838742781
1797,114006.19376189975
1798,129006.76175412069
1799,123304.12355010207
1800,151362.57717122746
1801,124918.57355018992
1802,126095.47551121138
1803,146486.89540068066
1804,142607.50454960967
1805,138147.11549691632
1806,113529.70213873546
1807,128234.77924625072
1808,131595.48110576512
1809,127261.70139034835
1810,148477.3665816293
1811,117087.9175478019
1812,98613.3901567061
1813,122051.99736082573
1814,97183.36643342192
1815,58993.041691352235
1816,109139.03398627738
1817,134960.89236381854
1818,145274.68703383204
1819,137185.3561120063
1820,57014.74523539885
1821,109668.46027430176
1822,152950.551647498
1823,42277.768544730236
1824,141550.02681014373
1825,144701.40937772245
1826,119269.3693786103
1827,105238.2210729424
1828,134393.26157775626
1829,121335.0093312934
1830,143844.89314506805
1831,141493.84791757428
1832,93005.28688712406
1833,150022.2274695753
1834,139421.7451269227
1835,134856.41894206128
1836,127038.178774799
1837,95213.84166413949
1838,119770.85581425586
1839,99543.14633912819
1840,164242.60199575484
1841,137074.95271447452
1842,87714.6544735983
1843,140060.6962874075
1844,143796.9428888581
1845,128536.51228904423
1846,150462.98208029798
1847,179626.10006467317
1848,68563.78250456392
1849,98689.71001736754
1850,117523.15820037549
1851,156643.06902146523
1852,124207.07907470301
1853,149021.5847341293
1854,162256.98046288142
1855,159371.0832160624
1856,212581.1115443965
1857,151884.15822142138
1858,138998.19810625375
1859,119721.0253007069
1860,161831.27021175536
1861,119666.45386444668
1862,238527.25956705687
1863,238269.9549104986
1864,239138.5913819909
1865,366593.0457756853
1866,320624.4900093442
1867,231864.95167597668
1868,273933.6206203759
1869,201252.33173310623
1870,238559.38744277062
1871,263355.9110115273
1872,176973.9266140656
1873,218650.044765119
1874,137176.9590223067
1875,196330.20902675454
1876,197055.58415278626
1877,222028.98036253644
1878,205958.7493785372
1879,132738.32285660182
1880,129602.56010483489
1881,258618.89175764204
1882,245454.851846844
1883,196463.82104830563
1884,208389.90956316123
1885,242402.84440482908
1886,277615.1108862284
1887,190117.31207621322
1888,270822.290166373
1889,160264.17178948032
1890,134030.77056319124
1891,134131.15572673967
1892,95876.52297884831
1893,131570.2743448803
1894,125173.00686843584
1895,132779.19114700056
1896,131655.76374048987
1897,125759.13338436009
1898,116169.62381647265
1899,162099.32640983918
1900,143587.9142082317
1901,172411.54215867913
1902,142898.4271583152
1903,200788.82798817265
1904,143428.86157238114
1905,200919.5122044615
1906,144073.26721215574
1907,207811.15046708082
1908,109078.95314734596
1909,141386.2081098472
1910,123984.51892336084
1911,210561.13462210126
1912,312498.557949573
1913,162253.35356950611
1914,55685.645009066466
1915,359295.3588663269
1916,59418.42358014606
1917,262984.22396963905
1918,138408.74131273886
1919,183662.3278249214
1920,140410.23988701554
1921,413153.7393538443
1922,325861.0655103731
1923,219320.88700970085
1924,232027.3746470338
1925,190056.06969882312
1926,411494.51525174634
1927,136727.8387966569
1928,155448.11410234473
1929,117570.99838948711
1930,140021.0220753122
1931,136960.9270312402
1932,142026.8357636049
1933,179494.67750737906
1934,175855.65921935276
1935,178263.09103908043
1936,196200.3466762366
1937,173891.10780317144
1938,180709.96917083795
1939,265840.2577031887
1940,184329.1432811547
1941,175001.11592302832
1942,188641.0053736476
1943,211566.2179819043
1944,352828.2222623868
1945,410456.9479244815
1946,163588.4963104701
1947,299216.7942194397
1948,176948.6227103807
1949,262285.33931548573
1950,176237.97741769714
1951,253084.61609979736
1952,218203.92020968976
1953,173880.9933251278
1954,192024.26570521793
1955,145315.56423617588
1956,240805.27710628952
1957,154454.7938695111
1958,303446.4010320365
1959,134222.97693639307
1960,118143.43692990004
1961,128236.36338738956
1962,95242.12219043566
1963,103010.90111312165
1964,112853.76262350546
1965,148590.65625905935
1966,139225.29782001162
1967,320506.60256572044
1968,467384.0353124337
1969,415050.830240799
1970,455852.04953895125
1971,403152.6328775645
1972,383115.2360623427
1973,271118.55431778525
1974,330455.8297822544
1975,507922.04576993664
1976,281450.1480721287
1977,386330.3217813656
1978,387266.83860907535
1979,327493.37675479695
1980,208360.23433919394
1981,332178.8225263903
1982,240157.54422621644
1983,224961.48653687738
1984,163264.5764401838
1985,225881.53428054732
1986,216728.13557562072
1987,189145.5863993931
1988,177220.41663422846
1989,190755.23493265247
1990,221732.1445843865
1991,241424.32508804658
1992,213275.96652745706
1993,169196.1996862081
1994,228775.37554258143
1995,185171.98951370004
1996,252233.11370701995
1997,317099.6802451403
1998,331444.0934532643
1999,261914.7622663126
2000,305856.1826520441
2001,278674.5603077161
2002,255420.223796204
2003,255969.27813312484
2004,281647.2527306045
2005,212184.62683490742
2006,236898.32758864982
2007,237067.1961438056
2008,208722.49746903247
2009,200051.41005930933
2010,185166.38892234542
2011,152992.68537516854
2012,172563.2615128881
2013,184099.65717894802
2014,187078.03164736126
2015,212002.97032696556
2016,199248.74475949863
2017,189831.3671385393
2018,122498.9378683042
2019,131066.8250727168
2020,97507.70584969272
2021,108828.71377418423
2022,181618.32363288966
2023,135254.07855310125
2024,251812.89342221073
2025,326226.58241561527
2026,175342.22374525707
2027,159649.6240420861
2028,148779.75948476396
2029,167812.43537065655
2030,271610.67627648043
2031,231263.007038903
2032,242686.0304380178
2033,265756.16190367774
2034,163592.40570856098
2035,211195.44057087498
2036,188204.3703606234
2037,197266.06569278435
2038,349487.0746595797
2039,228990.3324573562
2040,288164.0745189511
2041,293304.26882525877
2042,200353.7237779716
2043,169227.6840311938
2044,165652.43093780044
2045,204773.85022413812
2046,143602.488682701
2047,146342.36486118138
2048,137046.26263559554
2049,141666.1408482115
2050,167348.43759309227
2051,110623.01133827776
2052,121885.89457908894
2053,150365.45877312537
2054,87807.56422801877
2055,157688.81590864898
2056,145785.8675914282
2057,121625.86050534638
2058,204400.95442342933
2059,140201.7641996824
2060,161739.7853650109
2061,167031.3815260943
2062,132056.12152399484
2063,127880.7280900381
2064,141628.131851704
2065,116973.82749920811
2066,172930.38074964104
2067,142044.58498606793
2068,130164.24719661858
2069,79691.9132580649
2070,105106.99637520991
2071,97773.55580320241
2072,108705.75529882639
2073,137085.0405573572
2074,179990.02491028176
2075,141624.89773707406
2076,118178.91975275587
2077,148381.7189039396
2078,125765.21341113586
2079,133204.0999013414
2080,115773.77427907252
2081,121151.4120940217
2082,132371.84813173348
2083,137442.03129090028
2084,111528.89996305529
2085,127966.31141687138
2086,86844.56948792202
2087,116068.3668005145
2088,101331.2900778446
2089,85633.4682100914
2090,133975.96553515637
2091,117385.48146821262
2092,117401.49285570293
2093,106857.07149852667
2094,121947.02352126516
2095,136895.054387201
2096,78018.80075705855
2097,113547.0645712747
2098,129161.32563413071
2099,59649.05794327695
2100,87968.54302798177
2101,111966.71258138181
2102,118392.1335247511
2103,111152.74223789194
2104,128713.32922832969
2105,148264.88619959887
2106,82776.6907561709
2107,190475.70601578316
2108,109616.35982469846
2109,109452.0028559272
2110,135670.24454387746
2111,142577.03924172928
2112,141569.05557821947
2113,122907.06877143578
2114,124652.0086877166
2115,163820.38776567538
2116,114361.9949343941
2117,142476.7007073217
2118,123859.22472739573
2119,117044.59921589305
2120,126252.14924233862
2121,100789.7236109681
2122,114583.33586936595
2123,80796.69058374756
2124,164022.48397059328
2125,137630.05665247916
2126,168604.57861646934
2127,161416.38445198684
2128,132738.9970629852
2129,87128.10404770332
2130,150284.66936199085
2131,149148.17188985454
2132,120580.86197783264
2133,119659.03460660871
2134,124856.45597574025
2135,96058.45959737722
2136,85901.03553604332
2137,114572.8946999004
2138,139390.24615223688
2139,149200.04634954315
2140,132866.7025294705
2141,146648.7748871867
2142,129341.22978973063
2143,144352.03421896457
2144,139062.5971276938
2145,134853.50876167777
2146,153442.3388298299
2147,143655.55582099664
2148,137930.2818934108
2149,147615.24058481553
2150,227549.82018362146
2151,109557.17912385499
2152,192040.91654061398
2153,173273.79670489932
2154,115818.4399886168
2155,136850.45508924546
2156,239971.72217010678
2157,225322.5495050513
2158,236334.62421929478
2159,198296.19461950992
2160,159998.3241631227
2161,242514.89131193745
2162,393025.29109804635
2163,363113.14431911975
2164,268677.3274798381
2165,196285.69735294677
2166,145140.07639872888
2167,216420.84406705538
2168,206070.72183824226
2169,197341.14094405915
2170,225501.81470957198
2171,144975.5548702416
2172,129138.7503317921
2173,164877.0839450911
2174,215765.69637466472
2175,297932.8536996258
2176,320201.15120327426
2177,234203.04679581788
2178,200078.93327167552
2179,143987.99782571837
2180,232891.7656527617
2181,191752.2233695013
2182,220591.99557425876
2183,197342.11540923562
2184,117129.66635628503
2185,134756.28027119313
2186,134794.40111468275
2187,152809.194469896
2188,154165.5541537584
2189,238245.95491407297
2190,81671.11118037721
2191,78318.2217593867
2192,88253.85250644223
2193,109434.03857876305
2194,108002.04244581178
2195,112875.36992161653
2196,115150.17428946175
2197,117894.12996257718
2198,154767.4834236019
2199,150897.87755526486
2200,156140.47358147617
2201,145676.97357507213
2202,199548.2641825212
2203,135128.34171396884
2204,193557.90483021265
2205,117745.68658166917
2206,148397.38717266644
2207,194198.81604033546
2208,274361.29495070764
2209,227893.77038808513
2210,133589.8451679591
2211,109938.40636925121
2212,118241.08456850593
2213,111500.36659353189
2214,137433.4371017458
2215,104897.50915162939
2216,155270.74589040183
2217,64658.11306746031
2218,75578.1605788113
2219,55713.33051940009
2220,67240.15576860988
2221,358607.3113004046
2222,297512.5484072216
2223,338052.49647138047
2224,205448.67139058936
2225,118041.82282646626
2226,186137.5068308099
2227,205779.52995712197
2228,286835.99257771776
2229,242778.29103414126
2230,162303.46489906553
2231,212921.9031421909
2232,179914.45657585596
2233,182376.12574381515
2234,239216.4716574158
2235,237374.78376052843
2236,247798.71808404458
2237,333584.6716956179
2238,207767.84373105998
2239,114006.8251798991
2240,160052.54574578253
2241,186078.74847669908
2242,124231.55579934029
2243,115325.43881641689
2244,107253.23250369221
2245,100993.75259526096
2246,149658.6046773286
2247,119220.1559046822
2248,130107.53261291329
2249,126550.04736884698
2250,138549.43925681675
2251,138638.41244536312
2252,161212.95164279809
2253,157898.21081328316
2254,178337.7471682691
2255,189395.91191640773
2256,173333.79973223567
2257,219988.03546953472
2258,166096.98653999597
2259,177085.96305286977
2260,162400.9605116996
2261,192299.84178512852
2262,210655.73335489936
2263,392222.3950147973
2264,455300.6887859132
2265,169584.55556376168
2266,303440.3545956241
2267,396839.95408317394
2268,423631.3168872043
2269,143336.58024491253
2270,196058.83345034692
2271,213034.62695833025
2272,208254.339597694
2273,159699.832829107
2274,182191.47246918405
2275,154362.0447112266
2276,183407.92380703386
2277,186518.95892304144
2278,136732.73454749002
2279,123855.75300463641
2280,119970.47559654576
2281,172770.59632396043
2282,194950.11395373874
2283,101875.82912026157
2284,115280.84941927108
2285,140840.6844683705
2286,120467.38995768227
2287,358534.20097509294
2288,272630.9510128719
2289,370657.78326992627
2290,459079.28156294086
2291,326797.57507915044
2292,478323.88158439257
2293,518603.6003645534
2294,417778.96313982323
2295,437726.3177131683
2296,262435.0346130423
2297,349295.1969010138
2298,373294.3042075062
2299,364336.9849629246
2300,333272.02710229444
2301,303421.22383707576
2302,247465.5988344922
2303,249980.1722143002
2304,241553.3975895688
2305,188063.84060387773
2306,183957.43964665176
2307,192803.28211687854
2308,221163.7345059198
2309,275340.21085642197
2310,234514.15234020996
2311,189044.89418047288
2312,175003.3674937166
2313,172199.0937572171
2314,162200.91208178157
2315,178271.9952674315
2316,208955.2795343652
2317,194128.49490306652
2318,174867.03029038844
2319,165893.08263845777
2320,195850.13178752005
2321,246482.8954683119
2322,172424.37977519163
2323,194866.00987382434
2324,170800.64621882827
2325,205067.5890175317
2326,176332.5304082387
2327,213073.19931439077
2328,228726.6632237154
2329,184720.097836462
2330,180098.89368315006
2331,341824.911501263
2332,370615.2786331559
2333,324402.2832246024
2334,265247.3989767745
2335,270462.11263939046
2336,317523.21539810917
2337,212333.33383558024
2338,286073.7533224922
2339,221089.4396767285
2340,409584.79019977624
2341,244789.26716425316
2342,223325.51159980733
2343,212473.05173193035
2344,231013.57115922525
2345,232350.0971949071
2346,237153.73673474765
2347,215691.3404668749
2348,241436.6397181256
2349,202701.37609397114
2350,288485.89630218025
2351,265109.9685082449
2352,219918.8587359631
2353,256990.91031151215
2354,143108.6041010269
2355,136262.57647259688
2356,158800.53185109713
2357,193488.32324314895
2358,197032.1020078744
2359,128662.54445126378
2360,112771.11788788666
2361,143431.46328292586
2362,259616.20117681808
2363,132536.80829698968
2364,155555.19009873475
2365,216745.03035151283
2366,206231.09562583582
2367,215207.1953326716
2368,221438.56758627886
2369,206324.97006188176
2370,166390.38282141945
2371,170612.067740183
2372,200674.97729510523
2373,282927.52655093814
2374,315872.1960271882
2375,242199.04705031696
2376,301654.26088887174
2377,336350.82629720896
2378,142223.9966389098
2379,206422.574738764
2380,144753.20596907102
2381,167238.46604213587
2382,203254.7209708599
2383,209185.4439643528
2384,239509.67033161287
2385,159739.2863220593
2386,139551.25065464244
2387,132819.43860959233
2388,101483.13066296063
2389,131017.95612768145
2390,153201.4788837474
2391,146504.83767635757
2392,117320.346630386
2393,183189.17452272517
2394,149976.33852207707
2395,197746.6457261803
2396,143640.26024114687
2397,206383.5581688703
2398,137203.79395820206
2399,84721.18130244972
2400,65560.80672804872
2401,111686.40529337624
2402,143153.26855808095
2403,137583.71060660423
2404,154121.09166677526
2405,162460.25973438274
2406,132123.7767561589
2407,122671.07700209846
2408,142779.49945920665
2409,132910.60372485346
2410,156067.53921404792
2411,123270.09613836514
2412,155125.98346457063
2413,133016.33453562664
2414,145485.31776189053
2415,126610.74564839984
2416,124587.12925040978
2417,137282.21927036124
2418,126877.41831295042
2419,119300.77561999389
2420,128470.6317944276
2421,154261.2523448733
2422,118734.21903698152
2423,133193.95540911352
2424,150207.1444061825
2425,214357.53537462922
2426,125951.62622770909
2427,148522.57884146515
2428,186456.16138580235
2429,113736.77251573576
2430,127961.2879925054
2431,116527.91624845097
2432,148613.7700308577
2433,144122.06997038762
2434,138007.07868389142
2435,148906.31916037452
2436,112620.54192428988
2437,114658.50068688582
2438,127078.73979613309
2439,106808.8494596158
2440,122264.45737648329
2441,83529.85664169531
2442,94813.05667084214
2443,112959.88813556364
2444,129017.64076665964
2445,90376.11582185986
2446,156067.34297706836
2447,195321.88221738554
2448,137064.18807582973
2449,121206.77844466898
2450,145509.4838426644
2451,146062.14952082717
2452,188155.668022053
2453,92310.29278140262
2454,113940.11868178811
2455,115528.23261493599
2456,136060.75728528792
2457,137572.63128518825
2458,132180.1263596614
2459,113637.55203007236
2460,143692.89967918955
2461,120907.78884484636
2462,135090.99762628728
2463,132265.90649518638
2464,180481.79429337164
2465,135797.48973265095
2466,124716.51008927256
2467,150963.84507143908
2468,92966.79275537358
2469,76408.93203626829
2470,180091.60020733014
2471,208614.77062046368
2472,155671.72141290558
2473,125142.47983122947
2474,103982.15806693854
2475,197587.38824824957
2476,116295.63118623044
2477,132782.41395469414
2478,149351.973739416
2479,109208.65855930644
2480,139748.20348158572
2481,129330.06652596159
2482,129712.21564644588
2483,116614.0335311042
2484,122493.04060495918
2485,123890.9186149092
2486,166255.72120591087
2487,202224.10507480966
2488,159448.0348941727
2489,154972.8276793535
2490,151703.94841186353
2491,78269.3771725533
2492,196635.1643061773
2493,158937.91805192668
2494,138852.87038656612
2495,82575.85883260009
2496,320120.97906770074
2497,138561.90178704832
2498,108846.52176392873
2499,86609.31741335096
2500,129386.92899100161
2501,129701.68804875012
2502,132317.9069429055
2503,98606.54584220485
2504,174220.52812830033
2505,226462.72714215753
2506,259235.59529575976
2507,308867.7439172084
2508,254391.76381730408
2509,220105.23632517227
2510,214412.22977635104
2511,170941.87369809076
2512,208629.7345578732
2513,215377.80814153427
2514,257548.47209120938
2515,147905.37176108576
2516,176686.4231923956
2517,142905.52731907126
2518,144481.62469533543
2519,223125.95553795813
2520,215933.73560079664
2521,184801.40593718813
2522,216323.40648564548
2523,120505.11035115593
2524,136680.80542864668
2525,147556.20437138074
2526,138308.56471685573
2527,118969.4691346314
2528,129902.39393412495
2529,142876.25418427086
2530,120481.17168120494
2531,253428.65077381209
2532,223730.7906664863
2533,188461.68064850292
2534,222995.82167388653
2535,299887.3017433454
2536,236252.5618642606
2537,223012.21666468948
2538,185618.30144103174
2539,180021.267685666
2540,180680.90283443726
2541,183320.83618726474
2542,172608.40926326238
2543,120709.28637097609
2544,112333.50893756263
2545,133021.8505985569
2546,130371.63892009114
2547,129675.23858581083
2548,156831.24940782876
2549,168964.8378308546
2550,406956.29904374044
2551,151460.95061625357
2552,117146.9092793923
2553,73075.62782139497
2554,110996.47425311097
2555,116652.47945318838
2556,106494.81674186513
2557,100088.63946460761
2558,143397.15125220083
2559,134537.2533328868
2560,142008.28000032264
2561,137200.12950250227
2562,138085.30644518472
2563,140874.14346403483
2564,196659.91384459345
2565,162610.9579843788
2566,160373.79329518552
2567,127166.98487935637
2568,205578.3232641426
2569,220168.76790949193
2570,130829.35309791495
2571,186997.24113863704
2572,132801.82724462313
2573,216481.8308103359
2574,263925.91000358405
2575,137322.20617172532
2576,120643.71335153011
2577,180074.9084706787
2578,86466.58678235808
2579,74167.35871007341
2580,110318.29456607172
2581,104887.06979980486
2582,107610.80759290751
2583,268646.70129551453
2584,182102.65209630484
2585,203664.6178116918
2586,208538.4002053928
2587,185199.91597602025
2588,142960.38716621202
2589,144304.1058942441
2590,204895.82860899076
2591,217540.23966398317
2592,206705.95474147564
2593,254818.40923616546
2594,159060.00938957045
2595,196834.1716784021
2596,321161.81314002315
2597,184959.50558902317
2598,277334.54080747184
2599,331521.3860894107
2600,186280.04549731797
2601,169042.14616763117
2602,77455.17771469132
2603,105003.36300331674
2604,89313.86282658765
2605,81919.96966526794
2606,158164.95190495177
2607,201096.77375450614
2608,199149.19951185575
2609,168807.20235695137
2610,115558.44022890138
2611,116266.0038193384
2612,159404.17972267908
2613,136282.409785946
2614,128942.9720549478
2615,159010.5106865597
2616,150793.18463788417
2617,163595.40674043074
2618,195719.2692662477
2619,189857.27844033932
2620,180102.35572633857
2621,176166.70407455636
2622,181968.06329407656
2623,241408.3797967125
2624,301465.30995591276
2625,293499.5379681042
2626,177435.3232673783
2627,157095.66809766827
2628,444366.94161803875
2629,427274.2545529283
2630,372951.31896422344
2631,468453.21207061404
2632,456201.7032734322
2633,318653.85018385656
2634,412474.89402568305
2635,153560.66563339854
2636,179213.97804831725
2637,194896.8407877112
2638,257466.31887588967
2639,180463.57408615338
2640,151449.1912564682
2641,109867.32047258779
2642,198629.7207421734
2643,98201.13962858275
2644,137786.03202483867
2645,113582.94472711955
2646,97847.59238856139
2647,102349.78276843463
2648,147832.86926627238
2649,145348.54904178783
2650,142466.71671312637
2651,150956.63547297078
2652,460977.7337007102
2653,231693.7289348431
2654,273959.96555929474
2655,388442.13257428014
2656,312600.51311738807
2657,324792.74931176973
2658,280777.0211418332
2659,308673.7879870083
2660,357616.05400819145
2661,356438.95998878323
2662,364304.9203751861
2663,269266.62496531237
2664,267033.9209310047
2665,325690.9445280843
2666,288837.9272511876
2667,162962.52311572086
2668,166085.86319215962
2669,185524.35649666138
2670,273191.5582165799
2671,172455.12811693788
2672,188152.82257593726
2673,203156.557475822
2674,206566.53726459635
2675,175579.0011933744
2676,184479.06553640866
2677,198766.67949905008
2678,264854.7453079432
2679,292539.5983445892
2680,285569.9328393033
2681,397534.28144585557
2682,312737.7773871436
2683,520059.1205424951
2684,327259.72265767807
2685,330982.80409093195
2686,244657.57057246365
2687,368762.4716361618
2688,209120.29886100837
2689,216331.72060186308
2690,467198.3044767733
2691,199622.43223911247
2692,140513.66660080687
2693,195878.48224294864
2694,137365.59585716872
2695,181107.87155580617
2696,181822.1420601927
2697,194498.25738135813
2698,205529.39592913378
2699,181078.02166071752
2700,159720.84185878694
2701,137216.9942328051
2702,119322.11921516816
2703,97481.82899424194
2704,136577.1530612649
2705,119780.87696102346
2706,119744.76553940913
2707,127231.71104602568
2708,134809.62958855118
2709,106899.18578130056
2710,126899.64144379078
2711,257368.90295855398
2712,369692.0385106186
2713,166510.84542457652
2714,149609.90605229343
2715,167327.82045306882
2716,152086.337900279
2717,184285.1060302243
2718,230665.7068170731
2719,169820.24935275418
2720,172383.30316551126
2721,136171.92217194085
2722,167576.0236890271
2723,147701.78214477605
2724,128927.7020872867
2725,132533.37055575347
2726,148794.54135012405
2727,177062.60578692914
2728,171005.11547830023
2729,155392.70912328374
2730,146280.34859433872
2731,121918.07844043814
2732,126475.84440702188
2733,154968.8172354497
2734,149638.45215655936
2735,132961.99208396126
2736,150259.06681152887
2737,124268.43971348104
2738,130922.35016639174
2739,168401.9501599892
2740,139779.83806212016
2741,162950.958348203
2742,158274.45711970382
2743,142610.37733635883
2744,156198.17393879994
2745,129988.13623914267
2746,139783.6280549596
2747,153347.78146292467
2748,128698.62901324684
2749,133310.4865119108
2750,135608.35690527046
2751,148887.44187684634
2752,195992.90035026288
2753,152162.273698157
2754,219975.1406466822
2755,133785.99850789947
2756,107359.65202006442
2757,84583.7531115242
2758,92835.67520693685
2759,157315.27269205055
2760,143028.02955376843
2761,152226.12113190672
2762,144509.07603159256
2763,193330.21681751605
2764,162525.98363140458
2765,234797.86771648077
2766,137864.6760085387
2767,92896.94155996956
2768,134492.77460936393
2769,138359.05560286983
2770,135012.17402251292
2771,108738.81770897527
2772,114900.53114375383
2773,168228.51976467666
2774,134932.34027116696
2775,114571.69451478777
2776,137683.28962873702
2777,144044.96731294453
2778,110143.14494556257
2779,121667.01097600961
2780,85466.18480416686
2781,97295.83594825577
2782,102705.73464121498
2783,119601.29770376581
2784,122207.61493449837
2785,137398.71741123553
2786,71850.34229430529
2787,122597.59094603713
2788,81072.56206522165
2789,166705.491397668
2790,107506.30338661936
2791,117207.33270657252
2792,56665.61685203996
2793,164807.9502794402
2794,104438.77575611144
2795,124294.7800791222
2796,100855.48003843483
2797,211703.00339856368
2798,115860.97569880667
2799,121590.66185783161
2800,71921.49134966177
2801,105024.40354957977
2802,132407.42185122348
2803,168316.59794597502
2804,144976.30381765665
2805,87957.89207541104
2806,84269.4523523864
2807,155991.01525362092
2808,143667.33854328303
2809,137675.20924760017
2810,135550.92926183442
2811,168621.4809587496
2812,140548.79236813862
2813,187535.04571477982
2814,167262.4795648109
2815,82596.16621190046
2816,217366.21090727733
2817,150187.36942082035
2818,141709.36792510998
2819,183419.05490320426
2820,133425.9460524451
2821,108721.44828388473
2822,196179.50657088216
2823,329113.9709919248
2824,201006.55947016008
2825,155739.2543041166
2826,123425.4510466022
2827,127053.16797840755
2828,241158.51741808272
2829,202301.79892597048
2830,221975.81501161153
2831,180045.19558903074
2832,248756.76896689096
2833,341873.86865834444
2834,207926.1555283295
2835,214272.78133251506
2836,201216.38168690604
2837,158497.07571570447
2838,151480.69464878534
2839,180775.70090247862
2840,194226.47096570788
2841,201791.0913607115
2842,227265.93253463987
2843,154258.04004069942
2844,150834.7007069569
2845,114076.35904676076
2846,208037.32755235455
2847,208091.47039196015
2848,210735.7472745374
2849,203774.08634648414
2850,280088.45360603434
2851,210846.411980317
2852,225888.4305037038
2853,238369.23930197937
2854,135246.64113064192
2855,205876.77150304226
2856,200946.65352586523
2857,190497.60269238518
2858,188478.47397585792
2859,121941.3566246209
2860,114416.00503749627
2861,128876.22454610416
2862,200544.3588891611
2863,121172.2415901783
2864,223916.78052748003
2865,135645.21955295547
2866,133488.96743265906
2867,95410.5905657175
2868,112108.8044421885
2869,116304.08417740905
2870,114977.3640606309
2871,93958.90934573312
2872,60594.802748237234
2873,104809.7974745563
2874,122267.86330815221
2875,111645.11668087298
2876,140019.7952675635
2877,139460.58856839838
2878,173331.56728687277
2879,152959.68163646088
2880,106951.9272236055
2881,148523.8428272131
2882,170437.71230731247
2883,186392.98096797828
2884,193346.9238138559
2885,184990.0427258711
2886,226087.0210943626
2887,77301.5017938426
2888,130445.55069937554
2889,57273.11026522092
2890,88609.66712795639
2891,133783.37542341102
2892,29549.232699196637
2893,68288.04772099614
2894,55141.952611141765
2895,349176.4062965165
2896,284181.7706079878
2897,211185.81299707099
2898,138706.64873133157
2899,205808.44809246517
2900,156520.9009357059
2901,201972.3416269951
2902,185504.8968283638
2903,342290.9411093416
2904,355432.6969219282
2905,129583.0991401493
2906,199586.43645369777
2907,112042.77585676276
2908,135379.11688980786
2909,141067.26549734845
2910,82706.06471651778
2911,74563.74921951603
2912,154418.5296319867
2913,72285.77778571993
2914,71721.87581091079
2915,75772.84221644116
2916,73812.07401461346
2917,166067.13292039325
2918,123007.04180438898
2919,237272.98473831767
