Id,SalePrice
1461,129525.80221428575
1462,156170.42088571435
1463,185627.64780952389
1464,182811.89556190476
1465,192683.67785714281
1466,183795.41876190482
1467,164394.38537142874
1468,175027.71929365094
1469,173464.12365714283
1470,124063.23271428572
1471,209196.12299523805
1472,98788.75709523808
1473,98736.1477857143
1474,154733.85365079375
1475,112074.55509523809
1476,351817.0792428571
1477,245003.78142857153
1478,305503.4892476191
1479,297777.8134190475
1480,454510.2303047618
1481,305248.9294380952
1482,204476.0096642857
1483,188477.61084761913
1484,167263.59556666674
1485,164788.0376714285
1486,199999.9519619047
1487,335439.92657142866
1488,215820.8400476191
1489,198209.51985238088
1490,236612.87825714282
1491,191406.5231666666
1492,93105.27023809524
1493,176584.00140952397
1494,294777.1419380951
1495,290415.4361333332
1496,250344.2435047619
1497,190640.7993809523
1498,155142.05254285713
1499,153259.318
1500,157840.24934761904
1501,172193.12499999994
1502,143287.00787142865
1503,269238.5696476191
1504,227631.5827031746
1505,218503.44445714267
1506,193516.76856666667
1507,238144.94559999986
1508,194997.02176190476
1509,164539.1690238096
1510,154568.43185714283
1511,160204.3420714285
1512,184488.5180126985
1513,142000.22457619043
1514,157486.47178095236
1515,247258.72807619045
1516,159156.87120952373
1517,152120.5720952381
1518,136040.16959682538
1519,234110.71681904755
1520,139476.28214285712
1521,149118.80583333332
1522,161713.01026190483
1523,115256.0867714286
1524,123863.28653333335
1525,127861.19041428571
1526,125722.72861904764
1527,105494.10461904765
1528,126800.32233333332
1529,148928.52092222232
1530,158213.38035714283
1531,141910.7887714286
1532,104982.893452381
1533,167875.0658809525
1534,114543.95742222219
1535,162551.5968095238
1536,119130.21189523811
1537,86811.28315714285
1538,141845.6413095238
1539,246220.3774269842
1540,128446.3719761905
1541,151243.98985238097
1542,147900.7704047619
1543,184543.9213809523
1544,81320.21447619048
1545,108979.25239682538
1546,124301.08452380946
1547,143725.9802857143
1548,136190.2333571429
1549,120872.00190476194
1550,145459.32992063492
1551,119681.25339047617
1552,160615.9092761905
1553,150929.53543333334
1554,107523.43888095235
1555,176000.3988111111
1556,101714.59665714281
1557,148694.12084285714
1558,86315.76344285715
1559,141311.46900952383
1560,153202.03627777778
1561,202853.95359047607
1562,126184.16153968254
1563,125564.36077777778
1564,167752.80538571422
1565,160924.67033333328
1566,239890.15993333334
1567,84343.97411428575
1568,232403.27760952382
1569,161589.34066666674
1570,129111.3204761905
1571,129924.55137142856
1572,151008.01116666663
1573,244218.37219047616
1574,126703.78197619045
1575,232548.82192380953
1576,221449.58312222225
1577,193305.9768714285
1578,154104.5124619048
1579,142924.71214285717
1580,183506.09123809534
1581,142309.5892238095
1582,129298.61361904767
1583,335250.4694095238
1584,239963.32265714285
1585,142383.75942857147
1586,76152.38452380952
1587,104153.5965333333
1588,155707.96911904754
1589,103676.07523333334
1590,132999.99788095246
1591,104706.81393333334
1592,123967.7380952381
1593,120194.91642857147
1594,153848.65187619047
1595,141404.1970047619
1596,239725.71201904755
1597,177151.46228333327
1598,195061.96430238098
1599,146195.5321190476
1600,173817.25213968262
1601,91428.87370000001
1602,119119.87235714287
1603,99238.30661904761
1604,284997.5487857144
1605,249490.83156666678
1606,169781.38455238097
1607,175806.19529047617
1608,223146.41003809535
1609,182686.99362857142
1610,169895.99363809524
1611,146366.34455555555
1612,178638.30175396818
1613,173458.7528238095
1614,118838.82413492062
1615,86653.62619047619
1616,83962.85714285714
1617,90172.26516190478
1618,125383.81038095237
1619,133800.4063809524
1620,156057.23859682534
1621,140683.69996190484
1622,153774.84944285717
1623,278013.40398571425
1624,238787.54471904767
1625,131644.63510476192
1626,169760.926968254
1627,184019.86121904757
1628,278221.1493285714
1629,174608.45632142856
1630,306374.764
1631,185874.0163095238
1632,236825.40678095224
1633,158053.68774285712
1634,191660.69407142856
1635,179305.8252380952
1636,159048.11404285717
1637,189993.0323333333
1638,202920.50141428562
1639,173675.28342539686
1640,225588.27695238104
1641,173684.03866666663
1642,224679.3967333334
1643,229405.23790476192
1644,220360.70719365065
1645,179242.4844761904
1646,154894.43077619048
1647,158192.07304761914
1648,146404.98652380952
1649,137278.8072380953
1650,121176.4476095238
1651,120606.43966825397
1652,95043.39735714288
1653,97511.27216666668
1654,157944.3250603174
1655,139503.6643571429
1656,151709.4002380953
1657,157368.63327936505
1658,171897.41023333327
1659,122823.7257761905
1660,153338.28609523817
1661,461071.3997365081
1662,371346.1736690476
1663,355306.64531428576
1664,492592.3545888886
1665,311539.16513333324
1666,332511.6287253968
1667,363765.1400047619
1668,314521.3152
1669,300493.0704333333
1670,336678.7718714287
1671,261362.30119999996
1672,452180.19632380974
1673,297251.98847857147
1674,252311.60324285727
1675,209036.08031904753
1676,203177.4662
1677,211750.91444761903
1678,502898.95549999987
1679,405682.59949047625
1680,300051.27297142876
1681,236561.31175238095
1682,309599.17115238105
1683,195637.85322857142
1684,172301.4834285714
1685,176029.7369714286
1686,171408.6084619048
1687,162530.56890000004
1688,192373.77873809522
1689,192054.06459523804
1690,183404.11523809523
1691,166001.75817142855
1692,270198.91999047634
1693,163605.41654761904
1694,182657.4287619048
1695,170198.5908
1696,297487.4640428572
1697,166015.06646666664
1698,358907.835202381
1699,336301.5238666664
1700,250337.2999666667
1701,262036.73433174603
1702,252486.18823333338
1703,248560.4464523809
1704,286736.33919999993
1705,222699.06957142864
1706,489268.6679476188
1707,202263.74639999983
1708,203887.77641904753
1709,248648.46922380963
1710,218395.60579047614
1711,277392.16689523804
1712,236931.0658190476
1713,294458.8911999999
1714,216994.5289920634
1715,204715.9929761904
1716,179106.5304761904
1717,161185.87936666675
1718,143177.20083333328
1719,207318.00138095234
1720,249609.95902857155
1721,160543.70302380956
1722,133363.27614285712
1723,156317.77856190485
1724,200995.47003492064
1725,229077.90428095235
1726,200453.9351666668
1727,185627.56130952376
1728,176949.0842261905
1729,156175.3964047619
1730,149374.23974285703
1731,124155.77166666668
1732,136453.165
1733,128705.87905555555
1734,130748.16764285718
1735,134740.6396190476
1736,117652.26827619044
1737,365545.43074761896
1738,213183.30919047626
1739,355917.1909476189
1740,234580.0844753969
1741,186454.21877142845
1742,171652.24142857137
1743,176246.84785555545
1744,304665.19370000006
1745,224114.83114126977
1746,256771.5143476189
1747,205458.42019047623
1748,209224.38407619047
1749,167209.92061904768
1750,148365.6792619047
1751,215409.42814285713
1752,125140.91510000006
1753,149191.7310063492
1754,195391.64439047608
1755,172379.09213809526
1756,122224.06620000003
1757,120564.74919999999
1758,151688.85170000003
1759,170599.1723142857
1760,165000.85716190483
1761,150220.65001428575
1762,190281.42614285718
1763,175168.73125238088
1764,120378.6090571429
1765,225479.0365015874
1766,172702.33242857148
1767,204086.65155555555
1768,153847.6566904761
1769,155611.69611904767
1770,140660.84335714288
1771,141128.45538095236
1772,150270.33588095242
1773,137109.20366666658
1774,148486.68026825393
1775,133052.6639761905
1776,128407.74557142862
1777,118789.15400000002
1778,136499.93214285714
1779,122991.60273333336
1780,170530.71130952387
1781,138979.27576190466
1782,108272.99884761902
1783,139268.54109523815
1784,102586.9820428571
1785,116286.53834126986
1786,159847.20897619048
1787,172717.8519999999
1788,68102.99299523812
1789,94508.86214761906
1790,104040.577
1791,210262.9152714285
1792,154473.95319047623
1793,142286.55504761904
1794,140171.90752380955
1795,137979.5466666667
1796,121716.35558095235
1797,110999.40853809527
1798,123790.69159523811
1799,117205.59683174604
1800,128382.71852380953
1801,131920.06016190475
1802,141792.9659047619
1803,153650.95191428572
1804,142263.74195238098
1805,134643.20047619057
1806,110696.25891428566
1807,146104.2067857143
1808,120180.08000000006
1809,131112.5690952381
1810,154880.34902380948
1811,158628.98956666666
1812,119034.0150714286
1813,122885.79340476188
1814,103427.09127142855
1815,66521.09736666667
1816,102864.77266666666
1817,164080.20283333331
1818,137042.49786666667
1819,112964.07364285717
1820,86129.3372190476
1821,138147.89700000003
1822,155308.9181476191
1823,63173.17873809524
1824,129961.12716666666
1825,141008.199652381
1826,108416.27964761906
1827,107984.49983333332
1828,137057.92938095235
1829,114796.40015714284
1830,141851.5023857143
1831,141345.2619809524
1832,122925.91980952382
1833,151234.2237190476
1834,132110.21822380953
1835,146343.82149999996
1836,127643.68852539685
1837,105281.59630158734
1838,126568.35055714287
1839,88884.42407936508
1840,164929.33579047615
1841,148021.76887619044
1842,93808.9000761905
1843,140540.35057142857
1844,134466.16704761903
1845,145440.3271619048
1846,154538.7425714285
1847,179212.01372380942
1848,70010.52124761908
1849,114335.67192857144
1850,130526.32446190472
1851,160496.53854761904
1852,128821.29123809523
1853,136048.05782857147
1854,157140.3108571428
1855,152341.4787809523
1856,222613.65584761903
1857,220325.40636666666
1858,141712.25653333328
1859,120559.19454285716
1860,155398.09852936512
1861,120476.86640952385
1862,217532.3158095239
1863,209814.446704762
1864,209814.446704762
1865,313812.9767380953
1866,314930.93641904753
1867,236264.0354571429
1868,285822.90637619037
1869,200996.03034285706
1870,235815.57185714296
1871,258933.04819523823
1872,171210.0858333333
1873,223004.14284285714
1874,136823.98173809526
1875,193591.7822190477
1876,191324.93390476194
1877,221623.50049047626
1878,213349.5194944443
1879,133536.4218181818
1880,135144.1937142857
1881,260172.20972857156
1882,254507.70877142853
1883,200887.08574444448
1884,216586.86062380954
1885,247055.5754285714
1886,286726.48608095234
1887,213803.7117619047
1888,270380.2623523811
1889,162050.81886190476
1890,132818.43510476194
1891,141826.63252380953
1892,114225.87557619049
1893,138802.21392857144
1894,128281.08243809534
1895,149950.0770571429
1896,122754.20671428568
1897,119163.11735714287
1898,102526.21071428574
1899,131958.00395238097
1900,114192.54223809522
1901,176787.70138095238
1902,154508.2163492064
1903,182587.31465476187
1904,139111.65102380954
1905,178181.65165079373
1906,162473.69841904772
1907,226681.6342095239
1908,112780.4754285714
1909,136472.64015238098
1910,125926.35434285717
1911,192408.69209523813
1912,273020.5555857144
1913,154040.43845714282
1914,62277.36392857147
1915,337841.60824761906
1916,77433.92188571427
1917,257263.50322380953
1918,134402.23828571427
1919,154710.491647619
1920,163676.988163492
1921,405480.14811904746
1922,319207.30498095247
1923,194114.77901428574
1924,215042.10885714265
1925,232418.10969999986
1926,385746.8179095237
1927,139522.46014285716
1928,148259.7795714286
1929,126893.23791111114
1930,127665.40204761908
1931,138844.96147619048
1932,137454.39704126984
1933,192596.0204031745
1934,176990.51223809528
1935,175363.4127142856
1936,190325.16091428578
1937,183233.75041269843
1938,182766.24225238094
1939,237665.91247619037
1940,191651.89562857142
1941,178154.13657142856
1942,195310.040847619
1943,191751.82482063488
1944,332248.20265555574
1945,382002.7923523809
1946,159473.37838095234
1947,291564.86554761906
1948,175685.51238412698
1949,251826.51283174613
1950,181080.79241904765
1951,263995.05494285707
1952,226108.979747619
1953,170112.8076857143
1954,183808.1667523809
1955,132906.51135714285
1956,269141.5669999998
1957,157732.2827873015
1958,311299.9807142857
1959,143266.645252381
1960,117732.12535238097
1961,122839.34047619055
1962,93276.06184920632
1963,107544.94853968255
1964,111649.43166666667
1965,156481.16973809522
1966,136802.04955238095
1967,287839.860947619
1968,470862.05124603177
1969,394668.03923650784
1970,452246.2223174603
1971,297126.12478571426
1972,349828.43700476194
1973,262413.5237095238
1974,327086.3203666668
1975,507944.24094761873
1976,274019.04748095246
1977,363463.39078095247
1978,414267.6994047619
1979,308957.65072142857
1980,195047.81889999998
1981,324947.91500000004
1982,228257.12994285705
1983,210876.02409047613
1984,169239.3505238095
1985,227766.30517619036
1986,222015.02632857132
1987,171782.39857619046
1988,179641.83783333332
1989,192641.18571428562
1990,218760.40014285714
1991,217415.977552381
1992,215205.72189523806
1993,171496.90025238093
1994,239078.99414761903
1995,181343.0314761905
1996,257029.3479698412
1997,311443.00888571434
1998,345763.17688095215
1999,252634.5059666665
2000,300479.465452381
2001,275516.8673142858
2002,262944.4663666668
2003,250066.12333809535
2004,264607.4208619048
2005,214512.24630952388
2006,206749.05281428568
2007,247783.43272857138
2008,199390.98118095228
2009,202313.24207936513
2010,192041.26752380948
2011,152559.73540476192
2012,172196.23275238095
2013,182501.2571888889
2014,193932.30969047622
2015,194586.4432380952
2016,205674.33997619044
2017,199402.88190476192
2018,126733.3113904762
2019,132643.21787301582
2020,110512.8318238096
2021,118870.1853333334
2022,176342.31400000007
2023,151736.78124761904
2024,266803.4376238093
2025,298266.8332333334
2026,184791.42750634917
2027,152521.8837428572
2028,151994.7075857143
2029,170665.1816666667
2030,272369.1405619047
2031,206707.0545904761
2032,251471.9064095237
2033,255795.63051904755
2034,161278.72821904763
2035,194246.5643333333
2036,181130.29519047617
2037,184150.63580952372
2038,257381.70367619043
2039,193065.61308571423
2040,379818.495447619
2041,272429.9934476191
2042,208612.48837142866
2043,171618.27790476193
2044,173017.72052380952
2045,203836.17166666663
2046,137206.19983015867
2047,160280.4365476191
2048,134924.68686190475
2049,139159.14698253962
2050,179298.9654285715
2051,106869.7480952381
2052,141491.97185714287
2053,144198.1353571428
2054,89969.40087142856
2055,194117.6055380952
2056,130095.7158952381
2057,130360.82871428574
2058,244182.3416761905
2059,143063.21663333333
2060,166812.12139682547
2061,172305.48066666658
2062,141763.10734126982
2063,114716.15714285718
2064,145954.67826984124
2065,114485.24029365074
2066,180162.26507936514
2067,148654.25032380945
2068,160165.65542063484
2069,84706.30335238093
2070,112487.53739365075
2071,103700.75268571428
2072,133537.76402380955
2073,139189.32569047614
2074,164796.73884126995
2075,145659.33622222222
2076,125062.72488571428
2077,154593.25464761903
2078,131555.56892857148
2079,132241.02831428574
2080,113389.32290476192
2081,120242.51490476195
2082,137820.22995238102
2083,150856.67861904766
2084,114005.78203809526
2085,133453.92940476196
2086,101260.94753333335
2087,122643.30473809525
2088,106693.7327047619
2089,96508.79232222219
2090,142144.61538095243
2091,135308.2954285715
2092,136566.28240952382
2093,146370.96890476198
2094,100010.17734761907
2095,150280.8899031746
2096,86255.63866666667
2097,98626.85100000002
2098,136493.76186666667
2099,70310.49436666664
2100,132697.56155714294
2101,127282.52773333338
2102,132528.46099999998
2103,106816.86723809515
2104,133032.4635571429
2105,150365.2413095238
2106,93052.9575190476
2107,180435.71533333333
2108,113179.94400000006
2109,114019.7695619048
2110,134420.04556666664
2111,148032.5367142857
2112,139899.30674761903
2113,117258.4671428571
2114,104724.09070000002
2115,149994.77591428574
2116,113622.81171428574
2117,147576.2127333333
2118,118635.56266666664
2119,104238.71171428572
2120,117178.11580952382
2121,116026.95585714279
2122,109864.6601
2123,85584.26510476191
2124,158376.09144444438
2125,141045.16696190473
2126,153276.17287619048
2127,151028.3928095239
2128,139913.23176190475
2129,105021.93862857137
2130,153109.20697619047
2131,144256.362568254
2132,118802.52214285714
2133,114854.13094285711
2134,118680.00537142856
2135,105168.04727142854
2136,91954.2309809524
2137,117412.76914761907
2138,140437.16310476194
2139,149434.79233333337
2140,134607.17642857146
2141,137033.86238095237
2142,135438.66233333337
2143,141150.47115714286
2144,139354.81963333333
2145,136637.35100000002
2146,145444.37135714287
2147,167340.04339999997
2148,154941.72673333331
2149,197525.06279047625
2150,194686.61514285713
2151,99323.7014285714
2152,171641.15033333344
2153,161462.23942857148
2154,97842.94704761909
2155,129430.92521904757
2156,264075.7026238095
2157,236102.40247619047
2158,243443.98709999994
2159,221796.74590952377
2160,163298.2563809524
2161,246802.35679047627
2162,434016.9968857141
2163,333802.23038571456
2164,255090.13035714283
2165,175240.15919682535
2166,144137.9184761904
2167,201769.91390476192
2168,209599.98028571426
2169,191948.66134126988
2170,218708.39407142857
2171,143350.51821428572
2172,135869.3530238095
2173,163956.1654095238
2174,239739.4537238095
2175,284712.93959047616
2176,337180.00981904764
2177,256884.15424761904
2178,209671.54888095238
2179,146961.77557142856
2180,256585.55965873014
2181,194126.18839999998
2182,231573.14226666687
2183,193304.1733714285
2184,134802.86354761908
2185,136125.54295238093
2186,140657.58052619052
2187,145440.08823809522
2188,147825.36377777773
2189,215788.5384714287
2190,84826.49976190478
2191,88204.04145238096
2192,93243.47495238097
2193,96446.08942857139
2194,98088.64619047623
2195,117979.52169523807
2196,113914.20213333331
2197,109590.82974285715
2198,142122.90142857144
2199,154355.0575238095
2200,131349.3140238095
2201,134755.12260952382
2202,163880.656095238
2203,163167.94847619053
2204,181323.12254761904
2205,119730.48456666661
2206,131911.52973809524
2207,184879.43558095244
2208,214439.69538095233
2209,218792.65825396823
2210,122689.47090476187
2211,109604.09418095241
2212,111101.22802380957
2213,103714.69155555558
2214,174302.61498571432
2215,105754.52247619044
2216,156507.33566666668
2217,75990.69709999999
2218,84005.89285714287
2219,71475.77682857146
2220,89883.3773619048
2221,339354.32418095245
2222,287352.4611142858
2223,329135.8917761905
2224,236556.70269047617
2225,136389.84085714282
2226,182800.7243174604
2227,221564.49324761907
2228,281808.59106190497
2229,228188.4850714285
2230,168040.16860952385
2231,226171.2910666667
2232,174724.79419047615
2233,188144.7996190476
2234,245461.48680952383
2235,252912.73432857142
2236,265072.32971428573
2237,363164.92452380934
2238,189436.96253333337
2239,121067.73247619049
2240,158545.28916666665
2241,193804.75189523806
2242,138542.01535714284
2243,139745.71594761903
2244,98753.80744444446
2245,98312.90594444441
2246,142225.78602380955
2247,91696.59057142858
2248,125435.29085714287
2249,124756.63735714286
2250,136717.7380952381
2251,152659.45529047615
2252,168115.25438095236
2253,150420.36266190474
2254,174646.00285714297
2255,187629.97367619048
2256,180388.9904880953
2257,195251.61304761912
2258,163780.08135238095
2259,177576.3085936508
2260,148305.69923809526
2261,172811.26918253975
2262,206503.78494285716
2263,334341.1126380952
2264,419204.55460000027
2265,200474.7910285714
2266,268777.0894190476
2267,318497.2935428571
2268,364459.35124285705
2269,159899.65345238097
2270,173988.4058571428
2271,211835.7951428572
2272,200779.29809523805
2273,164459.1277142857
2274,170819.8506428571
2275,165282.21861904764
2276,176724.65477619052
2277,191418.85378095237
2278,152811.81908095235
2279,123285.30717142858
2280,121912.59313809527
2281,192730.74499523806
2282,203478.23486349196
2283,93273.88811904761
2284,110044.70017619051
2285,133492.12791904763
2286,128165.63152380957
2287,344804.05435238103
2288,280622.7962190477
2289,374144.7704904763
2290,420475.6979047618
2291,322893.3666031745
2292,409010.75244603195
2293,479550.5422238096
2294,439154.9992523809
2295,450428.1190380954
2296,261772.68308333328
2297,323265.1722857144
2298,332412.8991666667
2299,418096.26770317456
2300,323033.8504809524
2301,297603.0350904762
2302,256325.41879523822
2303,226979.17620476184
2304,250657.59022380973
2305,201227.10426190475
2306,200554.17503333333
2307,201639.59196190472
2308,218628.3501571428
2309,270901.13920952386
2310,213753.5065523809
2311,208119.9056714286
2312,174581.31142857144
2313,176700.98142857137
2314,181967.30360952363
2315,175263.04259523802
2316,227138.42523809528
2317,177353.80709047607
2318,176030.67597619048
2319,173946.4540238095
2320,176910.8580238095
2321,232361.7696428571
2322,170936.29069999998
2323,167273.094695238
2324,163193.24609999993
2325,209917.90557619042
2326,162705.70128571423
2327,213735.06680952382
2328,220688.3455095238
2329,179701.00519047613
2330,177490.17803809527
2331,361206.20827619045
2332,396581.3567142856
2333,305977.22453809524
2334,287065.9371285714
2335,262192.1986984128
2336,322299.05083333346
2337,203842.34193333337
2338,268212.88592857134
2339,220808.343952381
2340,385910.3683809523
2341,213869.13654761904
2342,226244.05930476182
2343,213224.7125714285
2344,251825.86234761923
2345,244676.73584761925
2346,207660.51367619043
2347,199880.73674761903
2348,222118.00409523802
2349,178807.08288095242
2350,298347.65906666673
2351,251058.3043333334
2352,231330.1810666667
2353,295863.80080476194
2354,130589.1737142857
2355,141895.89407619048
2356,160105.99338571433
2357,199260.10492857135
2358,204261.58403174617
2359,122127.51259523805
2360,119842.59773333333
2361,136742.04738095237
2362,272249.5045761904
2363,140389.5469523809
2364,149465.73801904763
2365,217539.471052381
2366,171504.39451111117
2367,223259.47527619047
2368,211084.48969999992
2369,220583.3528190477
2370,171509.6085555555
2371,173616.72350000005
2372,198197.47019523807
2373,259742.49955555564
2374,273049.20426666667
2375,229400.90623809528
2376,279359.68535238085
2377,317085.91243809514
2378,137794.72976190475
2379,213548.2952666666
2380,145038.12225714282
2381,167513.53116666662
2382,183843.56017460328
2383,192375.54899999997
2384,239761.136895238
2385,152985.97205714285
2386,141486.62538095244
2387,134639.8008095238
2388,128783.92971428572
2389,131288.6494761905
2390,141202.59619047618
2391,138350.6569047619
2392,114247.6630793651
2393,155929.119447619
2394,146208.96888571425
2395,195557.9612904762
2396,144188.15769999998
2397,203244.05788888884
2398,127833.48428571434
2399,65134.835009523835
2400,63962.945419047624
2401,113783.12639999998
2402,138047.25288095235
2403,128414.6068666667
2404,150441.99749999997
2405,164011.51723809526
2406,134123.58961904765
2407,130554.87666666666
2408,137428.4202619047
2409,136688.87552380955
2410,155567.34966666662
2411,124595.21533333337
2412,142342.35295238104
2413,147543.4168095238
2414,133490.40779999996
2415,134439.00099682537
2416,129932.09442857144
2417,130269.74533333335
2418,124813.90680952379
2419,138800.5207809524
2420,128063.39655555558
2421,151182.52498412697
2422,123165.83697460324
2423,149286.9820238095
2424,147910.19337142856
2425,346145.82149523817
2426,136674.42968571428
2427,147309.23821904766
2428,158164.31081904753
2429,115648.37860000004
2430,128641.63385714292
2431,123498.09726031749
2432,135675.0910952381
2433,145682.74652380953
2434,139575.30211904758
2435,154747.48811904766
2436,106234.07919047614
2437,114091.14365238095
2438,124688.09653333337
2439,117925.64419047619
2440,123694.71599047618
2441,97960.35150000002
2442,100538.25657142857
2443,115274.32702380956
2444,128095.4248
2445,89007.68396666668
2446,145916.39226190478
2447,180982.8849809523
2448,149360.17009523808
2449,125025.21079523806
2450,155205.74255238098
2451,128060.02535714288
2452,191622.52414285715
2453,99450.31801904761
2454,123262.22235238097
2455,102042.27597619046
2456,139984.58885714278
2457,116988.64981904764
2458,109067.32378571424
2459,115332.91965714286
2460,131390.86482539686
2461,117732.21614285717
2462,133067.76735714285
2463,124098.84085714295
2464,151333.6787
2465,135665.27680952387
2466,120044.89085555558
2467,110913.44993809526
2468,91162.32050476194
2469,90470.74794603177
2470,181277.61952380947
2471,180217.8331904763
2472,170273.86745238095
2473,118396.79820952381
2474,130843.02452380955
2475,200598.35840476194
2476,105621.6098952381
2477,132317.72523809524
2478,164931.47710952378
2479,124394.26480000005
2480,138206.92419047622
2481,130019.57818571432
2482,135600.6300952381
2483,118046.60004285719
2484,123667.44720000008
2485,126724.54733333336
2486,154282.32952380952
2487,196299.41744285705
2488,119889.74828571432
2489,144714.31996031743
2490,152237.21393015873
2491,90569.32712380949
2492,178833.79364444452
2493,137395.63509523813
2494,166235.8196761904
2495,97902.71871904765
2496,225703.27383333354
2497,149316.0530476191
2498,119673.44627936512
2499,89357.09853333332
2500,130248.63173333334
2501,140562.75262380947
2502,147957.6352285714
2503,103147.69128571432
2504,185604.9257380952
2505,227203.5859166667
2506,256213.60564761906
2507,319297.0443428571
2508,253918.77771904768
2509,226876.96007301606
2510,214982.562145238
2511,186359.53754285717
2512,212059.03814285717
2513,215504.59073333332
2514,220896.7745714286
2515,148029.84538095238
2516,156589.5900142857
2517,131605.10781428567
2518,139482.4019666666
2519,225430.89922380948
2520,207333.55150000003
2521,195251.29449841264
2522,218447.37565714287
2523,133984.61347619048
2524,139450.9603619047
2525,143729.86916666667
2526,139487.62973809527
2527,120780.15491904758
2528,128962.3163047619
2529,131997.51412698414
2530,114641.9557206349
2531,267062.2675285714
2532,232129.87416666662
2533,199208.12010317453
2534,229268.5392619048
2535,278213.39567619044
2536,239987.3838333333
2537,209167.68707619052
2538,176841.44999999995
2539,182254.118247619
2540,183376.31252380955
2541,175498.13080952375
2542,176888.05247619044
2543,129913.7962857143
2544,129424.15831904768
2545,128986.04600000002
2546,146828.70003174598
2547,136561.092
2548,166078.66779523814
2549,158587.3890428571
2550,464875.04435238085
2551,144530.26223809522
2552,123957.04326666673
2553,86725.86331904761
2554,130982.09902380951
2555,105141.2177142858
2556,108210.75842857145
2557,116132.52002380953
2558,171157.44607142854
2559,148598.9937047619
2560,122486.51996666669
2561,98821.70314285712
2562,134907.1435190476
2563,145683.49890952377
2564,168944.22041428566
2565,126111.6630238095
2566,158024.19484285708
2567,137872.02035714287
2568,184538.70817142856
2569,190630.97852380958
2570,120361.89872380951
2571,197064.62157619043
2572,138869.22114285713
2573,200751.31266666666
2574,280603.5155238095
2575,128915.2711761905
2576,136494.9756825397
2577,164551.2623095238
2578,93520.07571428567
2579,94514.58290476189
2580,132985.09530000002
2581,131506.84798571427
2582,117462.96780952382
2583,279546.2271071429
2584,160022.50650476184
2585,230645.10407777777
2586,208625.8638285713
2587,178142.19960317467
2588,127765.82819047618
2589,143792.4681428571
2590,240865.82266666656
2591,216689.54697619044
2592,222735.87223333333
2593,263587.0315714285
2594,168373.50633333338
2595,197372.25502142863
2596,335840.0140238096
2597,207009.18735238095
2598,274826.3410047618
2599,308632.40518095257
2600,185361.4744571429
2601,133087.26586666668
2602,88536.5452095238
2603,99639.31077777778
2604,87596.73523809525
2605,84991.41903809525
2606,145854.24626190474
2607,180427.8577714285
2608,211654.4785904762
2609,173619.37023333323
2610,114717.35296825398
2611,164303.15123809522
2612,152028.6335619047
2613,128287.93595238098
2614,128473.75626666666
2615,158893.37342857147
2616,136964.62261904762
2617,180214.1448380952
2618,177137.02633333337
2619,201174.00357142862
2620,182942.1033809524
2621,185423.41580952384
2622,185696.6752380953
2623,244998.39176984134
2624,305240.9769142856
2625,299390.79078095226
2626,162415.44922857152
2627,158753.00064285717
2628,423035.79780238104
2629,508435.1475619047
2630,320490.5490333334
2631,446565.05465238093
2632,417135.23408333317
2633,291849.9782714286
2634,380351.95772380946
2635,149773.27990476185
2636,189723.2748095237
2637,166839.37482857142
2638,251581.80273333332
2639,176859.50007936504
2640,152362.1802761904
2641,116144.54510952382
2642,243689.40509523812
2643,107634.66923809527
2644,131705.8503333333
2645,93708.3149047619
2646,92867.21869047618
2647,97291.65171428573
2648,139460.24744126986
2649,131777.346052381
2650,127806.563352381
2651,158038.56131428562
2652,423320.69315714296
2653,230678.63513333342
2654,272269.30079999997
2655,378381.4297126985
2656,306871.1671031746
2657,286338.8831309523
2658,268011.04872619046
2659,299093.55287619063
2660,331129.60670952365
2661,326068.44876666676
2662,361426.01303968235
2663,274761.6456571427
2664,268711.7218095238
2665,310156.3229714285
2666,266181.0411476191
2667,171190.17192857142
2668,175634.1947142857
2669,179844.9548095238
2670,292134.83081904775
2671,176790.5388333334
2672,180386.19682380947
2673,231455.1751714285
2674,231261.6055047618
2675,162191.6496666668
2676,191654.47611904753
2677,190018.5686666666
2678,272882.9308904762
2679,279283.5678333333
2680,268428.7223238095
2681,411287.63859999995
2682,353805.6379119048
2683,497030.4391714285
2684,310056.8811333332
2685,375304.3626190474
2686,251241.3632246031
2687,316351.40214444435
2688,220036.54781428576
2689,196126.05876349195
2690,437302.2179571427
2691,199867.66543650793
2692,134306.54035714283
2693,193323.8291190476
2694,131477.1935142857
2695,192693.83585714278
2696,183624.22416666662
2697,194371.98595238104
2698,201860.19093174607
2699,194228.519063492
2700,172952.96182539678
2701,153729.95208571426
2702,123577.41035238095
2703,139699.6588809524
2704,141681.34249999997
2705,128396.83966666668
2706,118530.57651904765
2707,127490.82495238095
2708,135504.23957142857
2709,105337.83934761904
2710,128968.73733333335
2711,288087.80063809507
2712,400181.0051523809
2713,167757.16886666665
2714,150745.72711428578
2715,172482.95354761905
2716,142171.6247809524
2717,184266.21695238096
2718,223610.4957523809
2719,164111.5069238095
2720,160430.0651619048
2721,143426.56657142844
2722,175366.42140000005
2723,144391.79702380951
2724,130725.9646666667
2725,137642.4204761905
2726,145228.78126190475
2727,170633.6122380953
2728,167693.7083619048
2729,164502.95552380948
2730,147415.3634761905
2731,120315.95090476189
2732,118707.84880952384
2733,158628.29061904765
2734,150675.72426190475
2735,137271.71033333332
2736,150326.20424285711
2737,122478.84539047614
2738,136502.32468333328
2739,161609.39859523813
2740,131413.06349523814
2741,152805.3759904761
2742,151330.0271190476
2743,149295.10611111103
2744,147688.61042857147
2745,136559.73542857144
2746,134437.43226190476
2747,151394.3852333334
2748,129818.29723809521
2749,131407.21219047616
2750,135616.51969047615
2751,128751.24828571429
2752,215884.6486047617
2753,149549.0031904762
2754,262748.1379714284
2755,125076.5326666667
2756,112159.90250476192
2757,83651.84774285716
2758,94946.44404761899
2759,157148.7239857143
2760,156166.41266666667
2761,146241.38440476183
2762,142083.39688095232
2763,186392.5072222222
2764,165245.37981904767
2765,236934.2514761905
2766,161749.5574095238
2767,90122.23866666663
2768,132080.36349682542
2769,140780.4448809524
2770,141019.16966666665
2771,122025.92871428574
2772,122446.40726190484
2773,201338.36528571433
2774,140139.77537142858
2775,142815.91819047614
2776,141629.08130000008
2777,152132.50976190474
2778,82479.46857142857
2779,201737.59813809523
2780,100372.5155952381
2781,100100.281647619
2782,106567.36807619053
2783,113313.4571
2784,131115.89171428574
2785,151830.40390476194
2786,91204.39959523806
2787,118280.40958888893
2788,100861.37613333332
2789,151659.06244285722
2790,81364.72315714286
2791,119021.53873333338
2792,80227.9447857143
2793,165910.09851428575
2794,119960.30871428574
2795,114176.79994603175
2796,101546.43876190472
2797,186389.90404285715
2798,130812.89109047622
2799,119627.1672095238
2800,75156.55361904763
2801,113102.03360000001
2802,139687.9479047619
2803,164156.91101428575
2804,151234.12931428576
2805,90810.26857142856
2806,98254.73209523804
2807,128660.11300952385
2808,147081.34933333338
2809,133947.3531904762
2810,136497.6951428571
2811,160406.80169523804
2812,143697.42071428572
2813,179397.95412380956
2814,173988.66317619054
2815,91904.32887936504
2816,237952.01401904758
2817,137353.2840952381
2818,137034.79390476193
2819,177425.06689285705
2820,133731.48423650794
2821,104542.04933333342
2822,164136.041847619
2823,252374.23573333325
2824,182114.19196190478
2825,158820.14573333325
2826,131361.99288095237
2827,141406.93383333337
2828,258110.58435238097
2829,191656.93693333335
2830,240466.5688714287
2831,192337.92808571414
2832,261596.11212380958
2833,293776.9460238096
2834,218331.01748095235
2835,216033.84758809532
2836,191100.78430952376
2837,162848.97058571427
2838,146843.80234285718
2839,179418.32961904764
2840,193842.7565285715
2841,201053.5921666666
2842,221836.4110190476
2843,143676.46037142852
2844,149851.02206666674
2845,122700.72395238094
2846,213202.96095238093
2847,195898.977
2848,200936.89331111105
2849,211968.63780952388
2850,283723.8833238094
2851,239718.48283809517
2852,239061.19992380956
2853,236927.12730952384
2854,140533.89542857147
2855,204425.95551428568
2856,207238.26980952374
2857,188151.102047619
2858,201905.53510952365
2859,150667.93731428572
2860,123684.79796825402
2861,148579.69339523814
2862,192572.87735714286
2863,115937.21440476191
2864,259046.63358809514
2865,141154.88390476184
2866,133663.65383333334
2867,100562.11402380947
2868,118869.28206666668
2869,131296.04354761905
2870,160630.95145238092
2871,102821.08145238098
2872,70372.51806190475
2873,101713.5564857143
2874,147854.90041904763
2875,109653.6437555555
2876,157435.53041904763
2877,150651.42649523818
2878,160985.08968571437
2879,147094.55432380957
2880,103374.23140000003
2881,159680.84886190476
2882,171385.7107857143
2883,196824.24286666655
2884,173410.65034285703
2885,178162.87238095223
2886,203797.71373809528
2887,93909.73267619046
2888,129533.57736190478
2889,70145.45630476192
2890,97877.16400476189
2891,136100.8656
2892,62902.91662380954
2893,91316.51533333331
2894,66482.24984285714
2895,312826.87534761906
2896,292977.2480238095
2897,195158.765304762
2898,139897.16043333334
2899,222301.9017904761
2900,157152.0899238095
2901,196706.5037809524
2902,198779.70369047613
2903,356177.8389571427
2904,345349.64272380923
2905,133621.79132857145
2906,187362.0456428572
2907,114724.93424761905
2908,126867.71290476187
2909,145348.79695238103
2910,83757.35214285715
2911,89012.64854285713
2912,152964.88101904764
2913,89796.66741587302
2914,86245.35785714287
2915,85232.35642857144
2916,88976.50854285716
2917,150715.62322857144
2918,110856.0173809524
2919,226722.18498095236
