Id,SalePrice
1461,137830.0
1462,157450.0
1463,189160.0
1464,186790.0
1465,212076.4
1466,191490.0
1467,161813.4
1468,178764.0
1469,176230.0
1470,110015.0
1471,210325.0
1472,100790.0
1473,97680.0
1474,151050.0
1475,110250.0
1476,341739.1
1477,243425.0
1478,270970.0
1479,262228.0
1480,442131.1
1481,309100.0
1482,205470.0
1483,186458.1
1484,168264.0
1485,169053.3
1486,193010.0
1487,357676.1
1488,246479.0
1489,205448.8
1490,232773.8
1491,191840.0
1492,81950.0
1493,201700.0
1494,322275.7
1495,277642.2
1496,243065.4
1497,177300.0
1498,159783.3
1499,157833.3
1500,162493.3
1501,176360.0
1502,152748.3
1503,254413.9
1504,231727.8
1505,215617.8
1506,191465.0
1507,231058.0
1508,195980.0
1509,167310.0
1510,154995.0
1511,164435.0
1512,200100.0
1513,140800.0
1514,144396.4
1515,231712.4
1516,155743.2
1517,157540.0
1518,135285.8
1519,212370.0
1520,141000.0
1521,156280.0
1522,159610.0
1523,118840.8
1524,124850.0
1525,133460.0
1526,127190.0
1527,97890.0
1528,125845.0
1529,148250.0
1530,156950.0
1531,137200.0
1532,107400.0
1533,160383.7
1534,111045.0
1535,158685.5
1536,116210.0
1537,82750.0
1538,129475.0
1539,257850.0
1540,148350.0
1541,150040.0
1542,153943.4
1543,189950.0
1544,70200.0
1545,114525.0
1546,118540.0
1547,153323.4
1548,133100.0
1549,122700.0
1550,142170.0
1551,124120.0
1552,154760.0
1553,152564.0
1554,103960.0
1555,167096.4
1556,100050.0
1557,146786.1
1558,86394.3
1559,145550.0
1560,141680.0
1561,190969.0
1562,126990.0
1563,119778.3
1564,170443.7
1565,152600.0
1566,202843.0
1567,75490.0
1568,221430.0
1569,167043.2
1570,137995.0
1571,131400.0
1572,146095.0
1573,219490.0
1574,137810.0
1575,233400.0
1576,235630.0
1577,194195.0
1578,158069.0
1579,142836.0
1580,182615.0
1581,151410.0
1582,129240.0
1583,342459.8
1584,229950.0
1585,142333.3333333333
1586,67590.0
1587,107699.3
1588,150500.0
1589,116555.0
1590,133427.5
1591,98470.0
1592,133610.0
1593,126250.0
1594,169575.3
1595,135730.0
1596,215900.0
1597,178298.7
1598,187480.0
1599,146405.0
1600,177277.7
1601,90240.0
1602,121530.0
1603,107827.6
1604,303550.0
1605,255279.4
1606,164715.0
1607,167300.5
1608,214762.8
1609,185453.0
1610,170083.5
1611,152600.0
1612,187740.0
1613,170890.0
1614,114555.0
1615,86050.0
1616,84000.0
1617,88800.0
1618,125190.0
1619,133781.0
1620,140880.0
1621,145040.0
1622,154930.0
1623,288370.0
1624,258930.0
1625,132684.96666666665
1626,178900.0
1627,182840.0
1628,271632.2
1629,174570.0
1630,322519.2
1631,188840.0
1632,234220.0
1633,163690.0
1634,186490.0
1635,177076.5
1636,153240.0
1637,168470.0
1638,205800.0
1639,176080.0
1640,230047.0
1641,186030.0
1642,230621.3
1643,238156.1
1644,228727.8
1645,178000.0
1646,161290.0
1647,156000.0
1648,149600.0
1649,141000.0
1650,117290.0
1651,122140.8
1652,96200.0
1653,96980.0
1654,158900.0
1655,141925.0
1656,147700.0
1657,156740.0
1658,156733.5
1659,123965.0
1660,152015.0
1661,425880.9
1662,344096.4
1663,318960.2
1664,489090.7
1665,305280.0
1666,315876.7
1667,353402.7
1668,317914.4
1669,287242.6
1670,313144.3
1671,258690.0
1672,507126.8
1673,281321.3
1674,229539.9
1675,207865.0
1676,210150.0
1677,205418.8
1678,497080.8
1679,398125.0
1680,306852.9
1681,221662.2
1682,309076.5
1683,194422.1
1684,176373.5
1685,177452.0
1686,175749.7
1687,164220.0
1688,183850.0
1689,186540.0
1690,183456.5
1691,171780.0
1692,280214.8
1693,169303.3
1694,186350.0
1695,171880.0
1696,313050.0
1697,164330.0
1698,355853.0
1699,344411.9
1700,240959.0
1701,245390.0
1702,258641.8
1703,260030.8
1704,307915.0
1705,227443.0
1706,515905.1
1707,203304.5
1708,209781.5
1709,232120.0
1710,257033.0
1711,286729.4
1712,241023.5
1713,287501.7
1714,210987.8
1715,204780.0
1716,188013.6
1717,162761.6666666667
1718,136053.4
1719,217092.5
1720,234666.3
1721,160390.0
1722,130940.0
1723,147000.0
1724,209680.0
1725,228277.0
1726,203500.0
1727,193863.5
1728,184910.0
1729,148015.0
1730,143590.6
1731,118450.0
1732,140230.0
1733,126628.3
1734,130400.0
1735,134540.0
1736,113350.0
1737,362073.7
1738,224020.0
1739,302005.3
1740,250363.1
1741,205680.0
1742,166330.0
1743,182840.0
1744,307560.0
1745,243472.8
1746,266730.0
1747,217887.8
1748,235350.0
1749,166370.0
1750,147610.0
1751,222900.0
1752,125440.0
1753,151805.8
1754,198540.0
1755,169490.0
1756,120600.0
1757,123600.0
1758,156890.0
1759,163590.5
1760,159540.0
1761,146450.0
1762,199678.3
1763,175780.0
1764,121920.0
1765,211150.0
1766,180315.0
1767,201000.0
1768,151906.6666666667
1769,151785.0
1770,142115.0
1771,140050.0
1772,151365.0
1773,125675.0
1774,142140.5
1775,132935.0
1776,129300.0
1777,122470.0
1778,148096.1
1779,121990.0
1780,178830.0
1781,147592.5
1782,107140.0
1783,142070.0
1784,101190.0
1785,107648.0
1786,163587.0
1787,171213.5
1788,65270.0
1789,107640.0
1790,111840.0
1791,195240.0
1792,156200.0
1793,144950.0
1794,138122.6666666667
1795,132160.0
1796,118162.5
1797,110570.0
1798,132275.0
1799,112130.0
1800,132140.0
1801,143200.0
1802,152910.0
1803,161260.0
1804,136872.0
1805,133840.0
1806,101010.0
1807,121920.0
1808,124115.2
1809,140554.0
1810,146833.4
1811,165238.6
1812,120593.4
1813,126600.0
1814,109640.0
1815,66900.0
1816,108650.0
1817,169670.0
1818,130570.0
1819,111280.0
1820,84990.0
1821,125370.0
1822,167770.1
1823,49190.0
1824,135985.0
1825,148936.4
1826,117570.0
1827,107700.0
1828,138240.0
1829,108430.0
1830,127890.0
1831,138980.0
1832,129190.0
1833,147278.7
1834,120940.0
1835,151140.0
1836,126190.0
1837,101100.0
1838,129565.0
1839,79290.0
1840,165450.0
1841,150100.0
1842,90075.0
1843,136350.0
1844,136040.0
1845,137200.0
1846,143790.0
1847,156210.0
1848,58730.0
1849,96260.0
1850,130090.0
1851,150890.0
1852,126987.5
1853,142967.3
1854,162990.0
1855,164540.0
1856,244309.0
1857,193334.0
1858,137519.3
1859,118214.6
1860,156798.5
1861,118214.6
1862,246317.8
1863,245885.6
1864,245885.6
1865,350892.0
1866,327024.4
1867,232140.0
1868,279330.0
1869,194555.0
1870,245466.6
1871,251155.0
1872,169960.0
1873,224483.5
1874,132290.0
1875,197288.0
1876,183330.0
1877,206820.0
1878,218049.0
1879,130448.3
1880,136640.0
1881,259605.0
1882,248790.0
1883,202145.0
1884,224360.0
1885,245990.0
1886,279700.0
1887,200739.0
1888,290608.3
1889,162996.7
1890,126140.0
1891,139050.0
1892,111500.0
1893,134200.0
1894,119536.4
1895,151390.0
1896,122450.0
1897,117390.0
1898,106400.0
1899,137555.2
1900,117985.0
1901,183500.0
1902,156125.0
1903,224454.0
1904,135045.0
1905,185920.0
1906,165300.0
1907,212800.0
1908,110890.0
1909,138790.0
1910,128750.0
1911,204930.0
1912,255572.5
1913,164960.0
1914,65686.1
1915,339187.0
1916,82585.0
1917,255336.1
1918,136620.0
1919,152970.0
1920,150310.0
1921,419544.4
1922,302215.8
1923,195550.0
1924,226925.0
1925,218543.5
1926,387342.6
1927,140455.0
1928,130250.0
1929,132650.0
1930,128915.0
1931,136815.0
1932,142250.0
1933,185000.0
1934,181050.0
1935,175900.0
1936,200290.0
1937,176860.0
1938,187951.3
1939,260190.0
1940,208724.9
1941,179450.0
1942,193350.0
1943,203502.9
1944,352564.6
1945,383292.6
1946,138793.2
1947,328220.0
1948,193025.0
1949,260390.0
1950,195030.0
1951,260640.0
1952,234377.4
1953,170148.0
1954,181270.0
1955,129990.0
1956,254800.0
1957,147500.0
1958,311939.3
1959,132430.5
1960,119615.0
1961,123475.0
1962,89270.0
1963,105790.0
1964,110850.0
1965,153200.0
1966,145180.0
1967,290838.9
1968,502619.8
1969,365811.7
1970,395845.0
1971,307450.0
1972,348569.2
1973,259847.8
1974,325375.0
1975,477300.6
1976,268022.1
1977,351272.7
1978,354651.2
1979,344967.3
1980,195786.4
1981,331886.2
1982,227480.0
1983,204166.9
1984,172800.0
1985,214953.9
1986,219291.7
1987,164656.0
1988,180226.5
1989,187790.0
1990,220573.5
1991,206563.2
1992,218890.0
1993,172492.2
1994,222711.7
1995,180090.0
1996,246679.1
1997,298212.1
1998,355004.4
1999,238716.2
2000,292880.0
2001,284544.9
2002,251253.9
2003,255501.3
2004,280239.5
2005,213311.2
2006,204781.5
2007,255476.1
2008,194704.0
2009,198200.0
2010,193870.0
2011,143313.4
2012,183276.0
2013,186850.0
2014,185850.0
2015,190937.0
2016,198805.0
2017,193935.0
2018,130895.0
2019,133930.0
2020,95800.0
2021,112688.3
2022,179920.0
2023,147595.3
2024,268021.3
2025,305706.1
2026,188490.5
2027,155213.3
2028,154170.0
2029,159836.4
2030,278446.1
2031,221826.0
2032,255829.0
2033,261140.0
2034,162342.66666666666
2035,194360.0
2036,169480.0
2037,168670.0
2038,264218.6
2039,194339.1
2040,315840.0
2041,258810.0
2042,213120.5
2043,189440.0
2044,179045.0
2045,214495.0
2046,134790.5
2047,147740.0
2048,137251.6666666667
2049,132250.5
2050,180105.0
2051,106385.0
2052,142840.0
2053,142930.0
2054,90870.0
2055,184180.0
2056,129705.0
2057,134680.0
2058,232110.0
2059,148670.0
2060,200890.0
2061,197250.0
2062,141340.0
2063,118340.0
2064,145790.0
2065,111500.0
2066,187250.0
2067,150583.2
2068,124501.0
2069,91740.0
2070,111480.0
2071,106720.0
2072,119977.6
2073,139315.0
2074,168655.0
2075,139240.0
2076,128350.0
2077,162840.0
2078,128883.3
2079,133415.0
2080,116115.0
2081,116125.0
2082,131890.0
2083,162000.0
2084,114930.0
2085,136550.0
2086,90765.8
2087,123890.0
2088,101151.2
2089,100828.8
2090,143290.0
2091,130340.0
2092,141640.0
2093,145840.0
2094,92760.0
2095,151430.0
2096,89090.0
2097,96810.0
2098,159690.0
2099,72130.0
2100,128436.4
2101,121736.4
2102,129330.0
2103,106860.0
2104,125425.8
2105,142450.0
2106,90000.0
2107,186310.0
2108,110640.8
2109,114320.8
2110,133980.0
2111,161600.0
2112,140790.0
2113,119390.0
2114,105800.0
2115,167550.0
2116,101930.0
2117,157360.0
2118,112950.4
2119,97890.0
2120,118130.0
2121,117647.5
2122,104080.0
2123,94230.4
2124,158390.0
2125,129330.0
2126,170700.0
2127,137603.4
2128,132275.0
2129,104670.0
2130,165590.0
2131,131890.0
2132,123030.0
2133,118348.0
2134,121947.1
2135,106079.3
2136,82149.3
2137,131840.0
2138,142150.0
2139,146430.0
2140,136115.0
2141,131445.0
2142,142950.0
2143,142545.0
2144,138600.0
2145,140180.0
2146,151430.0
2147,162200.0
2148,149730.0
2149,184422.8
2150,179615.0
2151,92440.0
2152,176796.4
2153,164250.0
2154,82681.5
2155,133125.0
2156,278137.7
2157,247780.0
2158,247550.0
2159,207833.5
2160,163095.7
2161,246199.9
2162,453246.7
2163,319581.4
2164,268399.2
2165,158330.0
2166,144790.0
2167,174550.0
2168,201605.0
2169,198756.5
2170,217171.8
2171,149400.0
2172,137730.0
2173,181390.0
2174,228123.0
2175,297262.8
2176,325856.7
2177,257147.9
2178,209744.0
2179,145620.0
2180,302583.7
2181,197950.0
2182,240925.0
2183,198201.1
2184,124125.0
2185,130660.0
2186,141300.0
2187,146730.0
2188,142025.0
2189,188600.0
2190,90875.0
2191,91200.0
2192,81550.0
2193,89249.3
2194,105180.0
2195,120955.0
2196,114060.0
2197,116690.0
2198,137630.0
2199,167480.0
2200,126627.6
2201,143600.0
2202,145040.0
2203,172620.0
2204,166050.5
2205,115690.0
2206,120940.0
2207,178840.0
2208,233760.0
2209,227678.0
2210,122625.0
2211,103090.0
2212,119485.0
2213,103360.0
2214,198867.7
2215,110560.0
2216,155630.0
2217,69653.6
2218,82746.5
2219,79471.5
2220,94200.8
2221,336337.0
2222,293800.0
2223,310945.5
2224,221520.0
2225,130035.8
2226,172130.0
2227,217139.0
2228,274419.3
2229,213390.0
2230,172783.5
2231,221694.5
2232,154650.0
2233,197980.0
2234,247258.0
2235,265350.0
2236,279579.1
2237,352973.5
2238,188978.0
2239,118210.0
2240,152750.0
2241,191250.0
2242,139550.0
2243,125550.0
2244,98900.0
2245,99150.0
2246,146600.0
2247,93675.0
2248,124750.0
2249,120100.0
2250,136986.0
2251,153170.0
2252,171050.0
2253,155920.0
2254,171450.0
2255,194940.0
2256,172880.0
2257,193890.0
2258,163010.0
2259,175250.0
2260,148555.0
2261,175254.0
2262,247145.6
2263,323637.2
2264,373057.5
2265,198430.0
2266,291470.0
2267,331150.2
2268,340981.9
2269,153195.0
2270,172013.5
2271,238767.8
2272,211090.0
2273,163100.0
2274,159930.0
2275,158345.0
2276,186900.0
2277,180450.0
2278,163643.2
2279,126795.0
2280,134280.0
2281,200313.5
2282,212420.6
2283,100890.0
2284,108400.0
2285,130025.0
2286,128900.0
2287,333049.4
2288,277014.1
2289,373439.6
2290,383930.2
2291,308751.1
2292,385525.0
2293,477969.9
2294,399859.8
2295,461783.8
2296,244314.5
2297,316974.3
2298,301040.4
2299,373171.7
2300,317748.9
2301,298329.1
2302,262100.0
2303,219933.7
2304,256270.0
2305,195765.8
2306,199460.6
2307,193241.5
2308,210600.0
2309,284430.0
2310,216136.5
2311,201706.5
2312,176251.0
2313,180860.0
2314,170952.5
2315,175437.5
2316,227404.2
2317,174662.4
2318,174668.0
2319,174955.0
2320,175855.5
2321,237710.0
2322,165952.7
2323,166990.0
2324,166836.8
2325,223140.0
2326,161013.5
2327,213980.0
2328,227127.0
2329,176500.0
2330,179180.0
2331,348779.4
2332,372727.2
2333,311138.5
2334,272563.9
2335,270248.6
2336,326000.0
2337,203791.6
2338,275793.5
2339,229406.1
2340,390230.5
2341,229818.0
2342,229903.4
2343,214353.8
2344,239933.8
2345,249079.9
2346,204978.0
2347,201786.5
2348,216897.5
2349,179883.5
2350,287536.5
2351,245619.3
2352,254006.1
2353,287721.3
2354,127520.0
2355,135579.5
2356,160390.0
2357,202657.0
2358,207480.0
2359,125007.5
2360,124720.0
2361,138225.0
2362,287400.0
2363,144495.0
2364,147460.0
2365,220327.8
2366,170670.0
2367,215962.6
2368,201293.2
2369,216796.1
2370,169340.0
2371,171240.0
2372,182348.8
2373,260690.0
2374,287970.0
2375,248800.0
2376,284947.0
2377,311770.0
2378,134582.5
2379,214970.0
2380,143950.0
2381,172798.0
2382,191475.0
2383,208280.0
2384,230963.0
2385,155140.0
2386,149380.0
2387,137600.0
2388,130000.0
2389,129245.0
2390,147780.0
2391,136880.0
2392,112980.8
2393,157990.0
2394,154175.0
2395,200350.0
2396,149700.0
2397,211290.0
2398,123180.0
2399,62650.0
2400,55551.1
2401,111590.0
2402,137285.0
2403,126400.0
2404,138740.0
2405,164140.0
2406,133785.0
2407,135025.0
2408,142800.0
2409,128500.0
2410,152495.5
2411,127700.0
2412,122890.0
2413,147670.0
2414,131360.0
2415,127540.5
2416,134885.0
2417,130015.0
2418,119315.0
2419,147095.0
2420,127840.0
2421,163350.0
2422,127500.0
2423,137090.0
2424,135295.0
2425,269057.6
2426,131783.0
2427,144700.0
2428,168050.0
2429,111800.0
2430,128545.0
2431,124580.0
2432,138835.0
2433,151190.0
2434,139125.0
2435,157530.0
2436,111800.0
2437,115713.3
2438,128500.0
2439,116390.0
2440,126190.0
2441,106038.0
2442,100490.0
2443,108740.0
2444,137190.0
2445,86880.0
2446,140383.4
2447,175930.0
2448,150833.4
2449,131470.0
2450,151430.0
2451,115360.0
2452,185250.0
2453,100555.8
2454,117970.0
2455,101950.4
2456,141743.4
2457,114800.0
2458,115857.5
2459,116350.0
2460,130800.4
2461,123945.0
2462,149840.0
2463,122340.0
2464,143940.0
2465,139107.5
2466,122090.0
2467,107223.7
2468,88040.0
2469,79400.0
2470,152680.0
2471,183750.0
2472,152180.0
2473,126975.0
2474,130040.0
2475,212750.0
2476,102345.8
2477,131800.0
2478,154740.0
2479,119275.0
2480,123020.0
2481,140140.0
2482,136115.0
2483,116500.0
2484,121385.0
2485,118580.0
2486,158490.0
2487,182150.0
2488,115380.0
2489,152960.0
2490,152985.0
2491,91128.6
2492,175683.2
2493,134845.0
2494,162920.0
2495,88490.0
2496,220900.0
2497,153040.0
2498,116280.0
2499,91185.4
2500,135345.0
2501,144667.5
2502,124143.2
2503,84080.0
2504,179830.0
2505,240051.3
2506,253269.0
2507,342081.8
2508,246265.0
2509,225380.0
2510,212900.0
2511,178086.2
2512,218607.5
2513,217597.8
2514,200463.4
2515,146445.0
2516,156170.0
2517,128850.0
2518,139100.0
2519,239540.8
2520,205793.5
2521,190335.0
2522,222657.8
2523,132550.0
2524,139510.0
2525,145440.0
2526,140180.0
2527,122730.0
2528,128360.0
2529,133680.0
2530,113180.0
2531,280530.0
2532,230596.7
2533,197745.0
2534,236030.0
2535,273997.7
2536,215400.0
2537,213499.7
2538,170556.5
2539,191630.0
2540,181024.8
2541,174459.5
2542,183044.0
2543,127740.0
2544,130973.7
2545,129200.0
2546,147825.0
2547,136650.0
2548,186234.3
2549,146946.0
2550,418065.7
2551,145140.0
2552,123375.0
2553,81395.0
2554,123455.0
2555,105450.0
2556,106568.3
2557,116325.0
2558,192890.0
2559,140688.7
2560,132490.0
2561,93990.0
2562,144950.4
2563,155990.0
2564,184784.0
2565,130510.0
2566,168240.0
2567,130880.0
2568,193540.0
2569,219060.0
2570,125030.0
2571,200021.5
2572,144066.66666666666
2573,212530.0
2574,313180.0
2575,122890.0
2576,136175.0
2577,158630.0
2578,96880.0
2579,105980.0
2580,140400.0
2581,128233.9
2582,115990.0
2583,303310.0
2584,157830.0
2585,218075.0
2586,203505.6
2587,184300.0
2588,138170.0
2589,147730.0
2590,232440.0
2591,203047.0
2592,229324.8
2593,268170.1
2594,169755.0
2595,198016.3
2596,328387.9
2597,232252.5
2598,278440.0
2599,289451.8
2600,198040.0
2601,125725.0
2602,85850.0
2603,100600.0
2604,90800.0
2605,79900.0
2606,144530.0
2607,185771.7
2608,213110.0
2609,175450.0
2610,115800.0
2611,165550.0
2612,157700.0
2613,129980.0
2614,129750.0
2615,156650.0
2616,139820.0
2617,175610.0
2618,195320.0
2619,199320.0
2620,191410.0
2621,186364.0
2622,183050.0
2623,251996.1
2624,278851.0
2625,305197.9
2626,165783.2
2627,148920.0
2628,455046.5
2629,498042.4
2630,339756.1
2631,470873.4
2632,430291.3
2633,313970.0
2634,381659.4
2635,149290.0
2636,189490.0
2637,196278.0
2638,242040.0
2639,186960.0
2640,154730.0
2641,116150.0
2642,242000.0
2643,107820.0
2644,119820.0
2645,91040.0
2646,98030.0
2647,96740.0
2648,133800.0
2649,133420.0
2650,120242.5
2651,151000.0
2652,375746.4
2653,262274.0
2654,276069.9
2655,394200.0
2656,281700.8
2657,281090.0
2658,270695.5
2659,257990.0
2660,341382.8
2661,361101.1
2662,375680.4
2663,283672.2
2664,273380.0
2665,272072.8
2666,279832.6
2667,171526.0
2668,177971.5
2669,175244.9
2670,287501.0
2671,176581.5
2672,179796.0
2673,211462.0
2674,224814.0
2675,166938.1
2676,185700.0
2677,188180.0
2678,241801.0
2679,285787.7
2680,276890.0
2681,386098.7
2682,328594.3
2683,446350.6
2684,329690.2
2685,400850.0
2686,243852.4
2687,322665.4
2688,225676.1
2689,193417.9
2690,502793.9
2691,199510.0
2692,137775.0
2693,198432.0
2694,119890.0
2695,185810.0
2696,182610.0
2697,202745.0
2698,200500.0
2699,195980.0
2700,180040.0
2701,153997.5
2702,118830.0
2703,160138.7
2704,143740.0
2705,123138.3
2706,117390.0
2707,129780.0
2708,134285.0
2709,99590.0
2710,132300.0
2711,281850.0
2712,361081.0
2713,169598.3
2714,149380.0
2715,173290.0
2716,152283.5
2717,182885.0
2718,229100.0
2719,163340.0
2720,156900.0
2721,147230.0
2722,174745.3
2723,148090.0
2724,132930.0
2725,136875.0
2726,147365.0
2727,177830.0
2728,167780.0
2729,153580.0
2730,150915.0
2731,121090.0
2732,122265.0
2733,168533.2
2734,154250.0
2735,145955.0
2736,141300.0
2737,124900.0
2738,130440.5
2739,165700.0
2740,139775.0
2741,155600.0
2742,156010.0
2743,156030.0
2744,146580.0
2745,137320.0
2746,135840.0
2747,149870.0
2748,133570.0
2749,133295.0
2750,129605.0
2751,124745.0
2752,245168.8
2753,141400.0
2754,248487.0
2755,132957.5
2756,118550.2
2757,83540.0
2758,95480.8
2759,153850.0
2760,149550.0
2761,148235.0
2762,139275.0
2763,190000.0
2764,147183.2
2765,236902.4
2766,155590.0
2767,91350.0
2768,129632.2
2769,142120.0
2770,147765.0
2771,122938.3
2772,126270.0
2773,178565.0
2774,137943.4
2775,155208.0
2776,138050.0
2777,158970.0
2778,90510.4
2779,186358.6
2780,106988.0
2781,102320.0
2782,97730.0
2783,102270.4
2784,136000.0
2785,156550.0
2786,88090.0
2787,122350.0
2788,107660.0
2789,141040.0
2790,79770.0
2791,114830.0
2792,78288.6
2793,190000.0
2794,116140.0
2795,110440.0
2796,102500.0
2797,168750.0
2798,126435.0
2799,115607.5
2800,75020.0
2801,113570.0
2802,123380.5
2803,162241.0
2804,168455.0
2805,86350.0
2806,101040.0
2807,126807.5
2808,145800.0
2809,139265.0
2810,133980.0
2811,159050.0
2812,150645.0
2813,204065.5
2814,183950.0
2815,101950.0
2816,211050.0
2817,135415.0
2818,135690.0
2819,186590.0
2820,126975.0
2821,102220.0
2822,168490.0
2823,255690.0
2824,183290.0
2825,168210.5
2826,130920.0
2827,149330.0
2828,272897.0
2829,211710.0
2830,236259.8
2831,193498.2
2832,261583.7
2833,300106.4
2834,228557.5
2835,209405.4
2836,181378.5
2837,168390.0
2838,149070.0
2839,177832.5
2840,208767.8
2841,207010.0
2842,222200.0
2843,144847.5
2844,167800.0
2845,124580.0
2846,215850.0
2847,192005.0
2848,204724.1
2849,210831.0
2850,294856.1
2851,235487.6
2852,240880.0
2853,230810.0
2854,141796.66666666666
2855,204436.2
2856,206220.0
2857,181303.5
2858,200555.3
2859,168650.0
2860,115600.0
2861,148740.0
2862,189035.0
2863,110460.0
2864,250997.9
2865,143890.0
2866,132812.5
2867,107040.0
2868,109050.0
2869,130940.0
2870,164660.0
2871,98850.0
2872,66881.1
2873,93749.7
2874,149399.0
2875,100410.0
2876,160372.5
2877,134150.0
2878,184800.0
2879,131300.0
2880,90940.0
2881,165320.0
2882,189060.0
2883,178070.0
2884,160750.0
2885,189065.0
2886,215290.0
2887,84377.5
2888,131500.0
2889,62480.0
2890,96270.0
2891,133785.0
2892,48530.0
2893,56000.0
2894,71919.3
2895,329703.2
2896,307610.0
2897,205199.0
2898,138881.0
2899,226000.0
2900,164880.0
2901,176400.0
2902,193675.0
2903,363969.9
2904,364321.0
2905,127490.0
2906,187963.7
2907,108430.0
2908,121450.0
2909,132740.5
2910,85300.0
2911,87350.0
2912,159040.0
2913,83640.0
2914,88350.0
2915,84900.0
2916,79980.0
2917,134715.0
2918,120810.0
2919,237600.0
