Id,SalePrice
1461,133930.0
1462,160145.0
1463,187250.0
1464,181630.0
1465,186890.0
1466,173010.0
1467,171063.4
1468,172500.0
1469,182940.0
1470,127740.0
1471,216313.0
1472,99800.0
1473,93860.0
1474,153900.0
1475,128815.0
1476,336730.0
1477,238325.0
1478,303598.6
1479,282000.9
1480,450523.7
1481,303711.3
1482,213066.5
1483,186811.4
1484,168833.5
1485,160393.3
1486,191125.0
1487,346350.0
1488,221610.0
1489,209510.0
1490,229155.0
1491,194710.0
1492,96800.0
1493,174850.0
1494,301046.8
1495,285816.8
1496,238800.0
1497,179785.0
1498,154669.9
1499,152666.6
1500,158873.2
1501,173250.0
1502,143395.0
1503,296579.6
1504,229800.0
1505,221996.8
1506,185418.2
1507,240003.8
1508,178410.0
1509,161105.0
1510,163580.0
1511,158850.0
1512,184290.0
1513,137980.0
1514,161740.0
1515,257340.0
1516,142460.0
1517,160210.0
1518,136800.5
1519,227650.0
1520,135170.0
1521,153400.0
1522,158440.0
1523,118150.0
1524,123225.0
1525,117418.3
1526,128150.0
1527,101230.0
1528,121940.0
1529,152340.0
1530,167590.0
1531,142800.0
1532,97900.0
1533,151040.0
1534,110340.0
1535,179590.0
1536,120358.3
1537,77940.4
1538,162030.0
1539,272577.7
1540,126438.7
1541,154575.0
1542,148250.0
1543,188600.0
1544,80820.0
1545,107080.0
1546,126430.0
1547,144300.0
1548,126257.5
1549,122500.0
1550,145440.0
1551,118327.1
1552,168190.0
1553,170390.0
1554,108150.0
1555,176890.0
1556,99365.0
1557,154907.5
1558,77120.0
1559,127180.0
1560,161680.0
1561,204265.0
1562,130800.0
1563,131690.0
1564,164370.0
1565,170633.2
1566,235540.0
1567,82450.0
1568,240446.0
1569,140626.4
1570,132425.0
1571,128980.0
1572,158690.0
1573,236650.0
1574,129195.0
1575,229930.0
1576,213099.0
1577,195120.0
1578,133500.0
1579,145870.0
1580,183190.0
1581,136910.0
1582,130325.0
1583,313543.9
1584,242630.0
1585,142550.0
1586,68580.0
1587,102030.0
1588,157680.0
1589,99839.3
1590,136350.0
1591,105950.0
1592,115839.3
1593,113480.0
1594,138430.0
1595,162050.0
1596,215900.0
1597,188850.0
1598,207133.2
1599,138836.0
1600,172025.0
1601,90850.0
1602,125880.0
1603,106707.1
1604,307150.0
1605,247182.8
1606,163590.0
1607,179900.0
1608,222262.2
1609,180721.0
1610,152800.0
1611,143900.0
1612,189155.3
1613,179470.0
1614,115548.0
1615,88200.0
1616,87300.0
1617,82400.0
1618,124980.0
1619,131310.0
1620,148465.5
1621,135873.3
1622,155190.0
1623,268220.0
1624,234130.0
1625,129880.8
1626,152233.2
1627,178320.0
1628,288000.0
1629,177730.0
1630,285300.0
1631,162719.0
1632,220545.0
1633,158783.3
1634,187350.0
1635,188060.0
1636,167540.0
1637,214878.0
1638,210190.0
1639,175450.0
1640,233058.0
1641,175540.0
1642,251510.0
1643,224018.0
1644,232150.0
1645,184090.0
1646,152285.0
1647,161985.0
1648,150090.0
1649,141675.0
1650,122565.0
1651,113460.0
1652,98200.0
1653,94350.0
1654,156300.0
1655,139121.0
1656,152790.0
1657,152600.0
1658,175010.0
1659,124300.0
1660,146900.0
1661,422354.8
1662,418157.1
1663,352800.0
1664,463067.5
1665,311196.5
1666,347709.6
1667,332913.2
1668,320300.0
1669,305670.1
1670,321687.2
1671,271980.0
1672,474930.1
1673,296572.6
1674,258999.3
1675,202111.5
1676,206490.0
1677,195486.2
1678,525321.6
1679,429409.7
1680,292447.2
1681,236812.1
1682,302250.0
1683,187781.9
1684,179958.5
1685,180250.0
1686,170416.5
1687,167040.0
1688,199220.0
1689,190640.0
1690,181554.0
1691,168023.3
1692,284492.3
1693,164533.3
1694,179530.0
1695,174700.0
1696,300821.0
1697,169900.0
1698,351231.0
1699,314027.4
1700,249330.0
1701,240243.5
1702,247615.5
1703,236465.0
1704,277427.7
1705,238638.0
1706,466392.6
1707,211424.0
1708,226982.0
1709,232840.0
1710,245908.0
1711,314487.2
1712,252805.1
1713,280315.4
1714,223370.9
1715,216670.0
1716,173950.0
1717,162245.0
1718,144940.9
1719,204807.5
1720,245240.0
1721,162010.0
1722,129850.0
1723,157850.0
1724,219090.0
1725,225390.0
1726,194629.0
1727,187014.0
1728,168580.0
1729,158387.5
1730,159520.0
1731,124025.0
1732,136820.0
1733,132320.0
1734,133075.0
1735,127350.0
1736,115879.1
1737,349138.0
1738,214570.0
1739,323348.3
1740,212632.2
1741,186227.9
1742,170430.0
1743,178720.0
1744,289530.0
1745,219030.0
1746,278800.0
1747,207247.8
1748,201545.0
1749,165290.0
1750,149050.0
1751,202275.0
1752,123580.0
1753,153760.0
1754,201200.0
1755,170190.0
1756,126850.0
1757,117070.8
1758,158770.0
1759,174600.0
1760,162325.0
1761,140850.0
1762,194130.0
1763,187250.0
1764,120375.0
1765,210840.0
1766,180975.0
1767,207000.0
1768,147857.5
1769,145860.0
1770,133440.0
1771,149085.0
1772,151345.0
1773,143650.0
1774,162416.3
1775,125830.0
1776,131400.0
1777,118650.0
1778,122000.0
1779,126500.0
1780,181650.0
1781,142152.5
1782,106430.0
1783,138825.0
1784,99500.0
1785,115230.0
1786,157985.5
1787,173700.0
1788,61110.0
1789,95140.0
1790,107100.0
1791,254663.3
1792,149375.0
1793,148790.0
1794,144600.0
1795,140905.0
1796,138900.0
1797,104450.0
1798,133650.0
1799,117140.0
1800,133540.0
1801,135907.5
1802,154487.5
1803,144830.0
1804,145165.0
1805,130300.0
1806,105775.0
1807,149030.0
1808,119025.0
1809,132130.0
1810,151630.0
1811,137330.0
1812,134575.0
1813,117040.0
1814,96380.0
1815,69375.0
1816,107790.0
1817,170650.0
1818,125010.0
1819,125833.2
1820,92200.0
1821,147790.0
1822,168081.4
1823,68810.0
1824,130715.0
1825,139800.0
1826,118550.0
1827,110910.0
1828,131995.0
1829,103437.1
1830,139690.5
1831,148040.0
1832,123040.0
1833,144280.0
1834,135000.0
1835,164020.0
1836,118920.0
1837,101745.0
1838,130913.3
1839,83050.0
1840,172550.0
1841,154807.5
1842,93150.0
1843,141230.0
1844,126686.0
1845,135380.0
1846,151550.0
1847,181180.0
1848,65300.0
1849,118146.4
1850,134940.0
1851,161900.0
1852,136892.5
1853,121498.0
1854,147971.0
1855,182714.1
1856,200590.0
1857,239857.0
1858,135630.6
1859,118921.6
1860,150289.6
1861,118921.6
1862,231910.0
1863,191667.8
1864,191667.8
1865,295921.3
1866,319029.3
1867,239320.0
1868,280120.0
1869,198513.7
1870,262994.4
1871,279229.8
1872,175731.5
1873,200720.0
1874,127780.0
1875,193800.0
1876,174900.0
1877,212040.0
1878,199389.1
1879,133230.0
1880,130600.0
1881,254896.1
1882,258017.0
1883,192800.0
1884,210780.0
1885,245600.0
1886,282620.0
1887,202484.1
1888,276355.4
1889,161427.5
1890,135615.0
1891,144590.0
1892,116715.0
1893,131070.0
1894,129626.3
1895,154950.0
1896,124750.0
1897,117540.0
1898,118930.0
1899,121140.0
1900,116555.0
1901,190535.0
1902,151090.0
1903,196700.0
1904,148790.0
1905,191055.0
1906,179490.0
1907,241510.0
1908,112440.0
1909,139290.0
1910,121820.0
1911,201440.0
1912,271607.0
1913,154790.0
1914,70430.0
1915,356150.0
1916,75309.3
1917,246911.0
1918,126990.0
1919,159330.0
1920,164536.4
1921,429005.0
1922,325981.3
1923,182210.0
1924,215860.0
1925,236830.0
1926,376992.5
1927,138190.0
1928,137000.0
1929,126460.0
1930,137390.0
1931,131770.0
1932,133248.3
1933,196715.0
1934,174140.0
1935,171390.0
1936,183500.0
1937,184580.0
1938,189130.0
1939,228768.0
1940,191815.0
1941,177050.0
1942,197580.0
1943,191375.0
1944,310866.2
1945,375520.7
1946,149330.0
1947,302650.0
1948,166735.0
1949,272450.0
1950,177116.5
1951,273309.0
1952,218014.0
1953,178540.0
1954,185730.0
1955,128650.0
1956,269513.8
1957,149440.0
1958,316816.8
1959,141490.0
1960,114320.8
1961,125880.0
1962,94990.0
1963,105990.0
1964,121250.0
1965,153543.2
1966,140845.0
1967,309570.2
1968,487687.5
1969,401753.8
1970,456402.8
1971,275313.2
1972,338261.1
1973,248662.3
1974,328909.4
1975,549005.9
1976,281770.5
1977,365966.2
1978,413448.8
1979,305557.5
1980,187912.4
1981,319552.3
1982,238290.0
1983,228846.5
1984,167340.0
1985,224477.8
1986,224031.7
1987,178163.5
1988,179570.0
1989,199658.0
1990,224000.0
1991,190105.0
1992,218400.0
1993,164600.0
1994,238577.9
1995,183930.0
1996,242130.0
1997,302061.0
1998,343048.0
1999,242997.6
2000,301763.6
2001,274090.0
2002,265100.0
2003,229010.0
2004,262650.0
2005,224556.0
2006,217901.6
2007,236707.8
2008,192764.1
2009,199140.0
2010,195753.0
2011,159717.5
2012,171930.0
2013,182698.5
2014,199085.0
2015,205795.0
2016,206835.0
2017,199665.0
2018,130200.0
2019,133275.0
2020,114050.0
2021,122680.0
2022,167750.0
2023,151393.2
2024,268927.9
2025,283547.7
2026,189664.5
2027,148218.5
2028,147415.2
2029,169820.0
2030,268667.7
2031,199195.9
2032,243440.0
2033,247480.0
2034,166243.3
2035,197857.8
2036,176810.0
2037,177210.0
2038,229447.7
2039,181140.0
2040,363528.0
2041,262636.6
2042,211690.0
2043,150883.2
2044,166463.2
2045,212840.0
2046,137790.5
2047,158510.0
2048,132025.0
2049,139380.0
2050,184630.0
2051,112160.0
2052,145885.0
2053,150440.0
2054,93710.0
2055,189583.4
2056,143040.0
2057,134700.0
2058,265047.0
2059,143957.5
2060,170250.0
2061,169940.0
2062,143820.0
2063,117550.0
2064,145750.0
2065,122840.0
2066,163670.0
2067,143600.0
2068,158320.0
2069,82630.0
2070,106590.0
2071,83490.0
2072,141480.0
2073,140230.0
2074,161275.0
2075,144715.9
2076,124120.0
2077,154005.0
2078,130625.0
2079,139105.0
2080,115400.0
2081,130650.0
2082,142100.0
2083,149600.0
2084,111180.0
2085,138020.0
2086,92699.3
2087,120750.0
2088,106810.4
2089,91660.0
2090,137575.0
2091,142020.0
2092,125810.0
2093,160435.0
2094,105800.0
2095,140140.0
2096,90760.0
2097,99240.0
2098,133680.0
2099,68631.1
2100,120573.2
2101,126550.0
2102,130300.0
2103,105650.0
2104,131103.9
2105,141330.0
2106,92199.3
2107,162130.0
2108,106870.0
2109,116380.0
2110,127750.0
2111,140480.0
2112,150940.0
2113,118200.0
2114,122680.0
2115,141600.0
2116,112340.0
2117,150533.4
2118,120450.0
2119,95858.0
2120,129440.0
2121,127445.0
2122,103790.0
2123,81481.1
2124,165940.0
2125,132713.9
2126,144133.2
2127,147680.5
2128,137803.7
2129,98830.0
2130,156253.4
2131,140790.0
2132,122600.0
2133,119250.0
2134,117050.0
2135,105199.3
2136,86965.4
2137,108109.3
2138,145100.0
2139,146525.0
2140,135290.0
2141,135440.0
2142,129670.0
2143,156405.0
2144,121790.9
2145,137190.0
2146,152020.0
2147,159290.0
2148,149050.1
2149,225701.7
2150,207625.0
2151,108250.0
2152,183600.0
2153,149893.4
2154,105250.0
2155,128323.3
2156,263207.7
2157,259240.0
2158,271959.5
2159,244129.0
2160,149926.7
2161,244750.0
2162,390703.5
2163,313471.0
2164,256702.8
2165,179735.0
2166,141820.0
2167,199215.0
2168,213555.0
2169,190550.0
2170,227290.0
2171,150183.5
2172,141515.0
2173,179400.0
2174,249200.0
2175,261421.0
2176,345370.4
2177,246990.0
2178,210145.0
2179,145910.0
2180,240553.8
2181,195700.0
2182,242218.4
2183,187891.3
2184,140862.5
2185,143050.0
2186,135635.0
2187,145700.0
2188,146652.5
2189,172650.0
2190,84980.5
2191,90685.3
2192,96750.0
2193,101790.0
2194,104560.0
2195,110318.4
2196,115397.1
2197,103005.0
2198,139840.0
2199,178890.0
2200,153100.8
2201,126377.5
2202,170840.0
2203,173920.0
2204,185930.0
2205,120140.0
2206,136290.0
2207,182740.0
2208,231720.0
2209,180040.0
2210,123750.0
2211,118050.0
2212,109950.0
2213,99960.0
2214,168525.0
2215,109069.3
2216,145153.4
2217,73398.6
2218,79290.0
2219,68989.3
2220,89690.0
2221,356100.0
2222,291400.0
2223,381140.4
2224,252760.0
2225,134820.5
2226,182330.0
2227,205167.8
2228,292042.2
2229,222361.0
2230,155200.0
2231,215372.2
2232,172740.0
2233,188064.1
2234,257100.0
2235,242070.0
2236,247500.0
2237,399276.8
2238,185300.0
2239,122700.0
2240,156200.0
2241,203710.0
2242,136780.0
2243,126765.8
2244,94590.0
2245,95350.0
2246,141857.5
2247,104710.0
2248,125790.0
2249,130350.0
2250,140125.0
2251,157135.0
2252,187490.0
2253,155620.0
2254,170800.0
2255,176240.0
2256,181441.5
2257,198770.0
2258,169150.0
2259,177580.0
2260,142880.0
2261,184640.0
2262,202600.0
2263,339637.4
2264,467224.8
2265,208980.0
2266,258194.1
2267,294490.0
2268,351274.2
2269,159500.0
2270,176830.0
2271,223170.0
2272,216508.0
2273,160710.0
2274,170730.0
2275,153350.0
2276,178190.0
2277,203990.0
2278,141985.0
2279,130670.0
2280,122700.0
2281,203040.0
2282,216498.0
2283,95640.0
2284,111040.0
2285,141598.0
2286,132400.0
2287,319458.0
2288,300530.0
2289,370984.9
2290,397560.2
2291,303399.9
2292,423735.3
2293,476460.5
2294,388600.1
2295,465891.8
2296,271476.0
2297,331500.0
2298,310787.8
2299,371766.1
2300,319875.0
2301,310901.4
2302,264732.8
2303,229680.0
2304,242986.0
2305,205450.0
2306,202390.0
2307,200685.0
2308,218823.5
2309,266276.1
2310,233654.5
2311,195764.0
2312,177391.0
2313,177200.0
2314,188704.0
2315,179873.0
2316,231661.9
2317,176912.4
2318,178575.0
2319,172294.0
2320,170951.1
2321,231773.9
2322,169548.2
2323,164510.0
2324,159351.8
2325,202684.0
2326,161254.0
2327,220930.0
2328,230850.0
2329,177250.0
2330,175230.0
2331,372393.5
2332,412878.1
2333,313190.0
2334,288575.0
2335,251550.0
2336,320900.0
2337,194078.4
2338,270749.9
2339,227221.2
2340,405921.3
2341,227686.4
2342,221722.2
2343,216562.2
2344,242461.0
2345,235466.0
2346,216666.0
2347,200817.8
2348,222297.5
2349,166927.0
2350,340265.2
2351,282769.6
2352,227195.0
2353,297464.3
2354,127500.0
2355,150413.4
2356,164469.0
2357,202950.0
2358,204650.0
2359,132240.0
2360,120935.0
2361,133200.0
2362,264090.0
2363,135000.0
2364,152926.0
2365,217406.0
2366,180188.0
2367,216349.0
2368,204320.6
2369,228879.2
2370,173430.0
2371,173600.0
2372,212301.2
2373,246635.1
2374,261300.0
2375,224899.0
2376,270490.0
2377,294400.0
2378,140100.0
2379,208502.8
2380,147290.0
2381,167885.6
2382,185430.0
2383,194230.0
2384,245650.0
2385,155340.0
2386,138490.0
2387,134230.0
2388,132880.0
2389,132625.0
2390,148195.0
2391,141650.0
2392,114840.0
2393,156500.0
2394,143350.0
2395,193005.0
2396,146150.0
2397,198890.0
2398,135010.0
2399,61265.0
2400,51386.1
2401,109520.0
2402,135737.5
2403,125560.0
2404,158800.0
2405,159430.0
2406,132815.0
2407,130045.0
2408,132595.0
2409,140540.0
2410,162960.0
2411,124070.0
2412,136040.0
2413,149240.0
2414,134315.0
2415,134340.5
2416,136690.0
2417,130000.0
2418,123875.0
2419,150703.4
2420,117240.0
2421,151080.0
2422,119090.0
2423,163820.0
2424,158860.0
2425,299964.3
2426,132300.0
2427,147677.4
2428,146023.4
2429,118395.0
2430,129840.0
2431,133350.0
2432,133275.0
2433,154840.0
2434,146850.0
2435,154550.0
2436,110100.8
2437,119095.0
2438,127850.0
2439,114380.0
2440,123240.0
2441,92740.0
2442,104128.0
2443,111000.0
2444,130125.0
2445,87949.3
2446,153800.0
2447,188190.0
2448,148800.0
2449,117800.0
2450,149930.0
2451,126800.0
2452,188340.0
2453,98120.8
2454,122085.3
2455,88480.4
2456,147076.8
2457,128190.0
2458,116080.0
2459,119280.0
2460,130525.0
2461,124590.0
2462,135940.0
2463,127925.0
2464,150680.0
2465,152895.0
2466,120650.0
2467,109169.3
2468,96039.3
2469,86540.0
2470,183230.0
2471,189130.0
2472,179750.0
2473,121750.0
2474,138465.0
2475,195970.0
2476,84724.3
2477,133490.0
2478,156130.0
2479,118770.0
2480,143930.0
2481,122488.3
2482,132766.0
2483,111528.3
2484,136250.0
2485,127130.0
2486,161415.0
2487,195680.0
2488,118770.0
2489,147045.0
2490,147350.0
2491,86540.0
2492,174080.0
2493,147295.0
2494,162340.0
2495,94449.3
2496,217650.0
2497,146885.0
2498,120520.0
2499,83390.0
2500,124163.0
2501,140875.0
2502,167743.4
2503,95994.3
2504,198450.0
2505,230730.0
2506,258322.1
2507,326081.8
2508,262019.3
2509,219230.0
2510,214779.0
2511,195245.0
2512,216875.0
2513,223725.0
2514,243870.0
2515,145050.0
2516,162206.8
2517,126800.0
2518,144950.0
2519,210539.0
2520,217515.0
2521,195750.0
2522,225307.8
2523,135590.0
2524,136930.0
2525,143775.0
2526,133015.0
2527,120625.0
2528,127180.0
2529,134130.0
2530,119980.0
2531,272230.0
2532,228140.0
2533,200060.0
2534,211328.0
2535,275760.0
2536,250380.0
2537,208353.6
2538,176533.5
2539,185375.6
2540,186404.7
2541,181533.5
2542,169356.0
2543,126225.0
2544,121442.5
2545,127175.0
2546,148700.0
2547,144200.0
2548,170345.3
2549,156290.0
2550,545328.0
2551,143823.3
2552,125940.0
2553,82970.5
2554,144650.0
2555,102390.0
2556,109730.0
2557,107690.0
2558,162820.0
2559,149743.4
2560,108350.0
2561,101160.0
2562,144207.9
2563,154350.0
2564,168407.5
2565,121880.0
2566,152135.0
2567,143710.0
2568,183260.0
2569,169950.0
2570,120300.0
2571,182756.3
2572,134836.0
2573,199260.0
2574,281037.0
2575,136140.0
2576,143225.0
2577,157485.0
2578,91470.0
2579,94839.3
2580,120650.0
2581,128465.0
2582,109440.0
2583,279400.0
2584,145270.0
2585,242090.0
2586,218698.0
2587,174540.0
2588,123930.0
2589,147276.0
2590,212040.0
2591,197570.0
2592,240389.0
2593,239064.0
2594,162590.0
2595,209398.2
2596,320150.3
2597,212800.0
2598,283623.5
2599,274122.5
2600,167936.4
2601,139700.0
2602,82700.0
2603,101160.0
2604,95000.0
2605,79150.0
2606,147525.0
2607,188330.0
2608,201847.9
2609,172090.0
2610,109300.0
2611,162975.0
2612,152200.0
2613,130700.0
2614,130350.0
2615,162500.0
2616,137990.0
2617,205230.0
2618,150300.0
2619,212067.0
2620,181680.0
2621,182290.0
2622,191230.0
2623,240537.0
2624,299046.3
2625,308767.9
2626,169040.0
2627,164200.0
2628,425652.2
2629,455003.7
2630,316476.9
2631,462743.8
2632,405994.1
2633,284110.0
2634,362996.0
2635,144895.0
2636,189290.0
2637,151975.0
2638,256339.5
2639,172590.0
2640,152940.0
2641,109925.0
2642,240090.0
2643,112650.0
2644,136635.0
2645,93950.0
2646,95050.0
2647,102700.0
2648,141490.0
2649,132123.3
2650,134173.0
2651,161908.5
2652,409060.7
2653,224250.0
2654,293850.0
2655,404787.0
2656,279680.0
2657,272842.2
2658,264044.2
2659,300351.3
2660,331105.7
2661,308946.3
2662,364809.9
2663,277213.5
2664,257919.0
2665,299367.2
2666,254205.0
2667,171441.5
2668,178179.0
2669,174324.8
2670,296851.3
2671,180564.5
2672,183159.0
2673,227548.0
2674,233398.0
2675,165896.8
2676,195540.0
2677,187780.0
2678,255400.0
2679,272142.2
2680,268490.0
2681,426776.2
2682,347668.1
2683,458200.5
2684,308591.8
2685,362213.1
2686,248613.0
2687,343904.8
2688,213887.2
2689,220145.5
2690,437646.5
2691,200688.0
2692,132075.0
2693,195539.5
2694,124025.0
2695,197710.0
2696,189358.0
2697,174585.8
2698,193020.0
2699,190382.0
2700,163854.0
2701,157687.5
2702,120400.0
2703,141166.9
2704,145130.0
2705,128490.0
2706,124710.0
2707,124850.0
2708,139140.0
2709,101030.0
2710,129650.0
2711,275940.0
2712,427327.4
2713,170060.0
2714,148480.0
2715,170700.0
2716,144935.0
2717,180202.0
2718,235475.4
2719,156490.0
2720,152675.0
2721,141690.0
2722,151650.0
2723,145145.0
2724,136190.0
2725,142252.5
2726,143240.0
2727,170100.0
2728,167400.0
2729,158883.2
2730,148270.0
2731,118600.0
2732,116200.0
2733,159930.0
2734,146170.0
2735,132175.0
2736,153510.0
2737,122700.0
2738,138160.0
2739,160250.0
2740,138385.0
2741,148715.0
2742,153900.0
2743,145160.0
2744,142090.0
2745,127100.0
2746,138840.0
2747,143476.4
2748,131240.0
2749,131150.0
2750,133730.0
2751,130050.0
2752,153050.0
2753,149805.0
2754,275340.0
2755,131265.0
2756,112590.0
2757,82750.0
2758,103180.0
2759,142190.0
2760,152200.0
2761,144057.5
2762,137882.5
2763,174770.0
2764,158971.7
2765,210050.0
2766,168850.0
2767,92190.0
2768,135340.5
2769,137280.0
2770,144150.0
2771,125230.0
2772,115650.0
2773,230460.0
2774,145556.8
2775,143750.0
2776,137790.0
2777,146885.0
2778,79635.0
2779,196340.5
2780,100950.0
2781,103890.0
2782,109225.0
2783,112975.0
2784,130030.0
2785,150550.0
2786,90100.0
2787,118700.0
2788,102950.0
2789,144180.0
2790,85130.4
2791,114340.0
2792,83429.3
2793,172427.5
2794,117370.0
2795,128090.0
2796,108750.0
2797,163190.0
2798,150790.0
2799,117349.3
2800,79300.0
2801,112400.0
2802,155043.4
2803,180550.0
2804,131100.0
2805,89250.0
2806,97140.0
2807,136698.0
2808,155385.0
2809,135350.0
2810,135470.0
2811,167610.0
2812,150640.0
2813,159040.0
2814,181990.0
2815,93890.0
2816,250460.0
2817,139100.0
2818,134530.0
2819,169970.0
2820,146020.0
2821,107600.0
2822,122980.0
2823,239570.0
2824,179590.0
2825,155010.0
2826,129180.0
2827,138780.0
2828,263397.9
2829,201638.0
2830,232363.7
2831,194745.0
2832,261700.0
2833,321871.1
2834,217583.5
2835,213324.0
2836,192800.0
2837,164840.0
2838,150120.0
2839,178089.0
2840,194730.0
2841,200545.0
2842,222007.8
2843,150440.0
2844,136040.0
2845,120140.0
2846,219910.0
2847,181660.0
2848,207603.4
2849,218120.0
2850,282292.2
2851,261317.0
2852,262640.0
2853,239190.0
2854,142580.0
2855,208473.0
2856,203958.0
2857,191408.0
2858,196669.2
2859,147980.0
2860,122750.0
2861,154240.0
2862,187650.0
2863,111275.0
2864,239891.1
2865,140150.0
2866,138335.0
2867,103940.0
2868,115890.0
2869,138310.0
2870,177780.0
2871,104900.0
2872,67190.0
2873,93965.0
2874,147740.0
2875,116670.0
2876,166835.0
2877,155823.4
2878,166255.0
2879,151073.4
2880,92949.3
2881,135730.0
2882,162895.0
2883,204650.0
2884,176351.3
2885,170480.0
2886,217540.0
2887,101349.3
2888,131750.0
2889,60689.3
2890,92330.0
2891,138640.0
2892,62110.0
2893,90575.0
2894,61509.3
2895,340150.0
2896,307150.0
2897,187985.0
2898,138850.5
2899,228663.0
2900,159320.0
2901,204590.0
2902,195079.0
2903,383712.6
2904,315845.5
2905,117793.2
2906,180280.0
2907,114250.0
2908,126390.0
2909,134050.0
2910,82640.0
2911,82450.0
2912,156850.0
2913,86650.0
2914,88100.0
2915,87250.0
2916,82850.0
2917,148540.0
2918,113110.0
2919,210590.0
