Id,SalePrice
1461,116629.76993456954
1462,161963.39902094845
1463,186205.04056731286
1464,179380.41761209458
1465,190419.8863465868
1466,171566.6639405963
1467,166317.92569730652
1468,159811.39752597813
1469,182793.4399094546
1470,133028.45730794105
1471,202139.1353517903
1472,95976.81860927271
1473,100164.03064508244
1474,152561.49704375482
1475,116049.13506947256
1476,384743.3764765559
1477,239600.2346667829
1478,303117.4205383036
1479,296946.4449720543
1480,501255.1976645833
1481,325875.554732265
1482,198894.65749011136
1483,183368.040288109
1484,163316.9791039314
1485,166206.35616769147
1486,193467.12557651647
1487,365803.6613194954
1488,237265.4577710159
1489,189593.62508166413
1490,262238.1361277129
1491,194442.36085960406
1492,81858.27999726342
1493,180706.5262193076
1494,289564.0151763949
1495,285496.0827953185
1496,251062.15627016826
1497,192088.9754148736
1498,169157.05575941099
1499,166696.61727538262
1500,165249.40851895246
1501,178432.74269397667
1502,156790.58932533627
1503,292246.03619226837
1504,233890.34117934725
1505,233672.88891527717
1506,200978.73604401003
1507,239597.8618917878
1508,204076.30103309333
1509,165745.45401306034
1510,156360.19759139325
1511,162643.03643851526
1512,183449.57914893405
1513,140030.54330123973
1514,143233.29034072082
1515,209879.61728887344
1516,152081.92649789725
1517,154678.05447739994
1518,132403.22196139037
1519,226067.43854295142
1520,133910.55844600583
1521,139548.50667137487
1522,159556.28630992665
1523,103662.44674653438
1524,117819.85385831707
1525,117404.3569200277
1526,114889.22722451243
1527,113214.56227839466
1528,120173.441283515
1529,156922.54259973418
1530,173703.2423948277
1531,141668.1269341935
1532,113905.90049207136
1533,157220.83094951694
1534,121210.29188867091
1535,158825.9324230469
1536,109527.8013055675
1537,95039.90177235873
1538,138848.1122007911
1539,197044.2117178575
1540,117747.44395404888
1541,139604.47913785698
1542,127289.62692400198
1543,188181.4169870055
1544,83751.92482921595
1545,102475.10084593343
1546,129397.33039508322
1547,138777.99717276124
1548,128128.66022443432
1549,128954.4156964452
1550,144221.94390758124
1551,119527.86842224818
1552,157554.8977793342
1553,158770.13452117247
1554,105364.31059417142
1555,173277.297565732
1556,82694.50527497192
1557,120815.82491918116
1558,89406.36106931987
1559,110315.03968623631
1560,145838.38990814437
1561,158399.67264395437
1562,124525.95421262513
1563,122461.7321601628
1564,176534.92021765935
1565,163244.50141255447
1566,223945.84173495782
1567,75777.47167014929
1568,230649.84779230828
1569,153679.56572572066
1570,135697.5950027528
1571,131705.41431914506
1572,147532.46868806743
1573,250936.47797971714
1574,131215.79516722582
1575,231031.40351308676
1576,221434.25320071404
1577,178182.300745725
1578,145840.50435707188
1579,142159.2205288614
1580,178758.3805489611
1581,146924.49053888232
1582,125850.91271676756
1583,336943.9935358406
1584,234209.34958893122
1585,146101.17106628773
1586,74904.86673338222
1587,93290.63394939469
1588,156715.57217281163
1589,103433.85396904558
1590,131886.46471090504
1591,98857.95019375888
1592,107783.16720452164
1593,124489.9486384044
1594,137113.00289349578
1595,138093.18936036289
1596,245301.6206414473
1597,190585.37080781118
1598,218341.35035304882
1599,162169.01629542452
1600,169065.94767076726
1601,93338.04244758155
1602,113353.49983908207
1603,93880.10493980482
1604,276779.2777651089
1605,237452.6262340766
1606,160082.27957385342
1607,193889.95928648923
1608,218381.46797430783
1609,174144.40398840373
1610,155195.117259196
1611,149541.61118708356
1612,192909.59370823274
1613,163505.72699503883
1614,129356.76160747114
1615,91253.06283426742
1616,77354.66994679013
1617,89134.42230318204
1618,119983.90070334602
1619,140868.14608772914
1620,155582.7386060628
1621,138184.1546120325
1622,147650.9528678385
1623,275233.3069905913
1624,225053.1565462052
1625,118486.82983107379
1626,165794.34153982124
1627,175268.42704952767
1628,275049.5705156912
1629,175959.55684111075
1630,352993.72024004324
1631,194675.95285344016
1632,244625.68866208364
1633,157066.48125939595
1634,198293.5529147908
1635,177559.9040007092
1636,157729.170334937
1637,196481.97970180862
1638,196473.70697606268
1639,180606.4465690263
1640,244721.0941653459
1641,174367.63867840008
1642,233942.83430662358
1643,226729.05193316535
1644,231008.9108635086
1645,198926.97289125057
1646,153580.06939618525
1647,154729.79274110426
1648,149400.79123304557
1649,134959.0946182075
1650,115408.2518861569
1651,122049.81134060964
1652,97706.68472871545
1653,94913.38797425447
1654,157436.2946740567
1655,145593.30107387062
1656,149315.55764639872
1657,147857.4337868414
1658,167947.51553696764
1659,113322.7015154744
1660,163812.34190284644
1661,459277.88858573575
1662,396757.5365592169
1663,390262.4375025374
1664,443804.09759420215
1665,305855.2022869122
1666,329116.5478891888
1667,380914.4092814076
1668,327731.10817923676
1669,303176.12528840057
1670,331877.2811421042
1671,249476.93731557298
1672,459063.4210191874
1673,299307.36063397164
1674,238947.2563619989
1675,193857.01522955662
1676,197350.1823441734
1677,198630.8171920442
1678,483161.0488818817
1679,406210.868599104
1680,305765.38128532644
1681,243057.21379655864
1682,307796.9248985709
1683,178116.52825565674
1684,177529.56672771028
1685,184563.49922068653
1686,167470.79557847476
1687,157984.72326993427
1688,189508.44707498376
1689,191685.02041890673
1690,194923.14626928358
1691,169913.94623597115
1692,277897.6456416453
1693,160607.1297599592
1694,175403.32476449406
1695,154712.44758140226
1696,278411.5310555038
1697,154404.88564380966
1698,370694.2201067383
1699,303212.3483829752
1700,252687.50549497726
1701,258798.38747687355
1702,240957.80580516113
1703,244658.8000232786
1704,287007.6648538307
1705,223951.7853490849
1706,497238.35163750773
1707,223644.2988345539
1708,195956.5573042469
1709,243938.13978224745
1710,217609.27946777758
1711,245697.561338765
1712,236744.68183905998
1713,303019.32937949174
1714,223120.03423397354
1715,216349.26332342782
1716,171676.4415211663
1717,166104.14837598157
1718,140889.54804017936
1719,204442.96067267947
1720,237426.10759407468
1721,158393.63879107728
1722,135318.7855657097
1723,157667.989960577
1724,222398.16620539065
1725,236942.8827599365
1726,208513.72122736718
1727,176563.25355906985
1728,185905.00778313167
1729,160006.17696851576
1730,152931.46412664748
1731,128812.1226517973
1732,132039.92494551803
1733,117891.57112439079
1734,106457.64378630593
1735,139377.1253699192
1736,111719.43165646344
1737,357759.9445388554
1738,196805.02042572072
1739,346047.47802629846
1740,235869.73651403052
1741,189038.70867989442
1742,177113.99617060207
1743,178374.16126856842
1744,297642.8907524386
1745,231480.34482186573
1746,199775.66471542607
1747,219715.60595309924
1748,232570.2080946902
1749,164559.0079962873
1750,125509.41275781076
1751,227451.53473039754
1752,125233.64517998818
1753,155031.1594303558
1754,187670.84040698604
1755,172638.5050085873
1756,132557.18366189807
1757,117343.11320407545
1758,156174.40595862997
1759,148368.2183915406
1760,177762.90387168428
1761,156312.07038079618
1762,186746.41112090764
1763,175721.99281790102
1764,121339.16817024183
1765,188780.75920651434
1766,177199.6855369178
1767,201002.16000453202
1768,151506.5742631046
1769,169239.14342890313
1770,133878.0944690579
1771,136549.3139330452
1772,148142.20494482963
1773,138107.07737693557
1774,144766.47866014886
1775,129819.09006009206
1776,121954.50522808221
1777,108527.62581741596
1778,147973.3087861017
1779,124303.02893071693
1780,162935.46642530945
1781,138766.79421277106
1782,100266.76332533755
1783,141486.086182404
1784,110479.02553527101
1785,127072.49247377059
1786,179041.746913539
1787,161948.6034918661
1788,86176.45666833429
1789,113258.28493577352
1790,102851.84132828884
1791,182653.91933440344
1792,152032.27637553547
1793,136692.5989531428
1794,145001.31383351368
1795,125396.46239068526
1796,125516.58203148436
1797,101435.82420498504
1798,121779.12089381929
1799,116099.9674138201
1800,155912.76900519765
1801,127698.42644740916
1802,127785.03056380012
1803,148604.40300766402
1804,152036.24179387675
1805,137488.06514333267
1806,113025.75151225973
1807,133090.77361967028
1808,129126.63351103167
1809,135032.20002104453
1810,149833.93809012242
1811,110682.43551068456
1812,102524.65077737404
1813,118688.07470324785
1814,100003.09357182043
1815,65445.4791834311
1816,99048.91412538388
1817,141791.3097932955
1818,162274.2978718251
1819,131224.98510139578
1820,62267.5331169982
1821,121975.19758087069
1822,165637.54680242686
1823,28697.414247735072
1824,134155.55757151803
1825,142064.89494582618
1826,109564.58343744134
1827,98051.1252261322
1828,138354.38545626742
1829,104625.33426501615
1830,132161.95801438662
1831,139028.89208327176
1832,100362.60973976602
1833,147850.12629895448
1834,129904.0299126425
1835,130295.22701408937
1836,124998.89671984962
1837,102967.93715169592
1838,123425.88548579789
1839,90043.41847849029
1840,148494.8279141334
1841,146603.04602575704
1842,73650.56452274906
1843,140712.49100955654
1844,143230.9454906257
1845,149379.58801065612
1846,159469.20280607176
1847,187643.6401388247
1848,70655.96055281565
1849,113883.77166203907
1850,118317.0519165662
1851,161413.53268000903
1852,134102.38555810065
1853,145905.1079130822
1854,158342.21778432946
1855,145033.00977852027
1856,226377.85608584617
1857,182061.45848642077
1858,135127.13168726373
1859,123531.97785157377
1860,155543.830400001
1861,123531.97785157377
1862,266982.094109413
1863,253229.90885057228
1864,253229.90885057228
1865,342873.90585952473
1866,332710.27179650357
1867,234895.33353149035
1868,305727.9006335014
1869,191186.25087263572
1870,225742.54528203706
1871,262344.2847124062
1872,181099.43746939115
1873,219103.45026616313
1874,136530.33075760756
1875,188636.1210059466
1876,187478.44573779945
1877,217798.33368732216
1878,219928.1224328196
1879,135097.72322089967
1880,132255.656294029
1881,255932.8755809881
1882,244515.69746223363
1883,195253.47254025476
1884,209432.15032963958
1885,243357.52119486392
1886,305867.0617007503
1887,201888.68873844141
1888,274801.75100651954
1889,161839.587387388
1890,132025.10937389696
1891,127898.49868793524
1892,108506.28309163579
1893,132336.2215859622
1894,130865.40746994308
1895,142250.49528494972
1896,128755.02660202543
1897,117846.41640680186
1898,117419.6284940708
1899,152357.03202635038
1900,136049.3690362737
1901,175050.79432440948
1902,147171.1914744401
1903,181951.53665684775
1904,145976.6431763902
1905,182281.64341151394
1906,151465.21479682348
1907,211442.53238273185
1908,112977.3818227771
1909,143685.0778134228
1910,131814.70365314835
1911,221971.7332190588
1912,299164.75290167093
1913,148535.05972017263
1914,50287.2404303314
1915,321330.8288459346
1916,68053.19640597086
1917,260280.4938732001
1918,128986.03866451456
1919,163689.9084722297
1920,154100.71618677725
1921,443878.32103941636
1922,334501.83290453965
1923,202657.34283108055
1924,213624.66928265855
1925,216039.2969645515
1926,408847.7613096337
1927,130065.3905999365
1928,159373.4802787806
1929,124131.81415006626
1930,130377.81298101525
1931,145763.77538291644
1932,137414.554694925
1933,199913.40344940557
1934,169676.78571538863
1935,165398.34170234395
1936,181101.3199828966
1937,176283.80147102472
1938,181902.6599095761
1939,245697.19998973282
1940,194147.0614689336
1941,169559.68434295774
1942,185542.95068081337
1943,202357.74466751004
1944,366159.71183331736
1945,392477.43996457895
1946,155697.7745920475
1947,326665.75537456205
1948,188791.33818839848
1949,252547.36979294004
1950,170261.39730899443
1951,289090.9041998706
1952,227243.36756055208
1953,173718.7429583279
1954,160689.37197793464
1955,127870.5688134159
1956,296368.3498404683
1957,157993.82090754653
1958,297464.924997253
1959,140597.40652637265
1960,120042.8827213139
1961,127222.16077149977
1962,99518.62037480391
1963,101743.92075054903
1964,107844.91690421668
1965,151665.82403744714
1966,138316.7243053099
1967,286555.15204890457
1968,445610.8358248105
1969,402050.7560754915
1970,461028.2372704068
1971,384260.6483669479
1972,386508.5536898947
1973,263419.90974789485
1974,339853.16092257475
1975,513520.05721525435
1976,265583.9116704125
1977,348558.7676227913
1978,421083.02637458313
1979,301773.03704871866
1980,175590.53635180788
1981,355529.2438525865
1982,207414.65901276094
1983,198380.9347943271
1984,176479.68876698767
1985,228649.54618469725
1986,219468.18491610853
1987,168537.56130656734
1988,186622.156059568
1989,193401.75676353337
1990,222676.27453674297
1991,208929.09143095952
1992,207332.36528336926
1993,169844.29633655722
1994,242706.15459845137
1995,172862.6932389787
1996,238376.50942814644
1997,324813.72880521737
1998,356371.93323592376
1999,274130.76634217094
2000,310957.29160732427
2001,256502.4235538561
2002,265998.65107791394
2003,242766.40806937925
2004,251493.00883860738
2005,223880.95086067673
2006,214470.18320632027
2007,250792.50066497302
2008,206014.85349393898
2009,202105.26459608774
2010,196100.20162312125
2011,146264.45070354507
2012,171578.03395468186
2013,192570.1345091138
2014,202410.83492194218
2015,209893.29362388505
2016,204351.183501278
2017,206390.1278769769
2018,128879.5543917062
2019,127600.23778009627
2020,102000.616212535
2021,116382.53045030992
2022,178345.8108631081
2023,143739.47320384192
2024,260840.36110835592
2025,333003.3976356925
2026,177334.2257745671
2027,165249.40851895246
2028,145640.6671486129
2029,160770.33195440605
2030,271853.7203782341
2031,229481.6859426419
2032,245512.09086261012
2033,243936.45218867558
2034,156233.89989912877
2035,197838.93355814344
2036,183697.6110541912
2037,191084.9426136278
2038,294784.69891977886
2039,212125.92045383443
2040,315889.5377195465
2041,269840.4058629845
2042,200422.27848823887
2043,168554.37030874615
2044,187991.48669696416
2045,197542.2362322219
2046,138390.82277727497
2047,146157.37294713643
2048,139413.98165709767
2049,141483.27705764162
2050,178581.8923627185
2051,115222.9890264162
2052,138669.33446320333
2053,148013.14560008212
2054,89721.88762187853
2055,183604.79861000035
2056,139115.54619119017
2057,123866.94460303115
2058,242122.9202671023
2059,143313.6412386754
2060,160338.2321217397
2061,172996.0077868178
2062,133589.41799573496
2063,113904.4904481419
2064,142585.73039687824
2065,120727.3360477379
2066,176971.43473258894
2067,147256.76747459773
2068,153922.48346739385
2069,77156.56922359845
2070,105703.62115837842
2071,107059.5925801684
2072,93723.10207742667
2073,143895.60637634937
2074,173305.81291500933
2075,143936.4887026253
2076,123855.64002066573
2077,152094.6435943764
2078,126656.44352209469
2079,121487.78466721647
2080,109848.51717716856
2081,115297.0401473775
2082,130841.35428332486
2083,147359.86515567877
2084,107819.27147249164
2085,120367.04332759176
2086,86184.39972448337
2087,121114.17999478793
2088,93414.67152564865
2089,78276.01533540168
2090,148593.2180930003
2091,115557.56302999568
2092,125348.82696487417
2093,149615.78289741746
2094,122973.34612871397
2095,145278.4141156346
2096,72592.85132729367
2097,105475.85747072686
2098,150075.88644089186
2099,71013.34223784396
2100,104340.56625114751
2101,109512.2194085091
2102,128732.08250812697
2103,103272.7250076017
2104,143221.30735613595
2105,149054.77188764737
2106,85390.24931274726
2107,184873.5971837971
2108,107322.4981459004
2109,101561.50475545372
2110,136358.158017805
2111,133785.3436443024
2112,142953.42495113562
2113,118983.13401692614
2114,106903.85735597389
2115,153012.2792850654
2116,123889.55969215822
2117,135241.0429213183
2118,112958.6839518485
2119,104298.34561461963
2120,125207.5228015146
2121,110098.23802024813
2122,106924.6262592719
2123,69759.06301040552
2124,150226.58578210158
2125,144968.978897503
2126,147034.96201442953
2127,164174.70220640476
2128,143128.6675208994
2129,103936.26304993489
2130,127515.00309814767
2131,155824.0735016149
2132,117416.7667106981
2133,117577.46439898571
2134,119594.40712413963
2135,98108.69371291439
2136,71273.52924202487
2137,110236.88235903459
2138,134021.2311131393
2139,148384.8791247168
2140,139253.12647817703
2141,144190.08925865602
2142,132694.33803837743
2143,148166.09544461823
2144,144362.12274266712
2145,136660.65410622125
2146,154624.75218165855
2147,126817.50178945126
2148,156949.99480836996
2149,179985.84288928434
2150,214961.3937546036
2151,111082.3004284704
2152,194905.5147714405
2153,182232.22013031514
2154,110353.34105803337
2155,132593.79604390493
2156,336537.19577320997
2157,235610.36580769485
2158,240415.3665918922
2159,223127.8544004105
2160,162852.41410484834
2161,237103.62384176816
2162,407928.8632336143
2163,345945.0415766424
2164,239159.72257680356
2165,168990.6012864954
2166,144981.97625606248
2167,202679.91349311837
2168,190249.1776297502
2169,205585.97519061866
2170,219789.9104334542
2171,143706.0815559134
2172,131498.9754295247
2173,158427.42555954182
2174,234965.91764935257
2175,291386.8158433208
2176,331624.7892087996
2177,253612.01223943383
2178,189974.44860541428
2179,146101.17106628773
2180,247661.49130347095
2181,198610.80605138798
2182,221502.24848216897
2183,187273.8127858072
2184,121020.63559589803
2185,125581.68923014676
2186,145138.60960477934
2187,150920.03835160067
2188,154312.8979255845
2189,261108.05166800536
2190,78925.47244172677
2191,77468.92928741618
2192,86949.91561495865
2193,115733.42843391006
2194,93548.19947400484
2195,127397.80553906689
2196,121103.97443605734
2197,118338.10120942621
2198,131936.24902079251
2199,148560.83606228483
2200,142456.8477254579
2201,148685.74277372044
2202,180755.2539286614
2203,140294.09547192365
2204,188000.48483195077
2205,109320.2369667225
2206,135364.23073577345
2207,199550.92028420206
2208,244349.8214643422
2209,242384.15724678474
2210,124624.06268959832
2211,106389.62241016819
2212,99756.96178320052
2213,112873.62257243955
2214,156065.3965634061
2215,109009.35840091592
2216,166196.26993641318
2217,90904.54170267598
2218,74284.9402171201
2219,62054.91801914751
2220,70213.71611470608
2221,321330.8288459346
2222,284573.87310679414
2223,331329.4136108162
2224,212495.5162884631
2225,116583.33092132235
2226,186857.4683359801
2227,197595.82188105828
2228,271548.7864649884
2229,222536.9829841592
2230,151804.02924489748
2231,205579.25945280056
2232,174397.90438487902
2233,182597.78172199815
2234,233965.9590173902
2235,266735.31963623944
2236,255099.45920775668
2237,349791.57518373814
2238,183371.4903106829
2239,109902.44348465906
2240,165081.58215760507
2241,185356.3316838029
2242,130323.87440144361
2243,135750.55443298238
2244,116955.69847282437
2245,120380.22703284434
2246,144035.5638689562
2247,97252.1874817285
2248,122950.79846408464
2249,123277.14746264693
2250,129504.85156642094
2251,146785.75840349402
2252,169918.39972357525
2253,144155.6977724572
2254,170266.19591830857
2255,175629.7218866124
2256,188690.2148911809
2257,190267.50674143594
2258,160724.29345575467
2259,170138.69897563
2260,168043.4277759181
2261,180809.65487828938
2262,209320.94217685066
2263,360795.7182135855
2264,436465.38829302747
2265,206457.77839741815
2266,299363.7968234379
2267,349716.10466688615
2268,399974.5623576019
2269,153047.05836480117
2270,193160.32196766758
2271,216175.7752611593
2272,201990.69829980363
2273,170450.46090901433
2274,170612.40482600688
2275,169835.23012882753
2276,177629.39404959843
2277,173086.02408356435
2278,141160.9694140796
2279,133981.00138816147
2280,128230.70239602336
2281,174231.19042407855
2282,201952.3373840569
2283,100731.49025731036
2284,115827.41530662827
2285,136487.26381928744
2286,121343.38625568183
2287,368970.5420582382
2288,268914.0681255597
2289,372014.85572101054
2290,461558.1723313867
2291,335944.91211056814
2292,445966.893345799
2293,526171.5761328879
2294,452046.8336820794
2295,427453.9898911802
2296,241274.46316197797
2297,334730.4756177107
2298,327901.0743144688
2299,401498.07460960525
2300,339564.3880852411
2301,273214.9380891225
2302,259474.1803766626
2303,236786.90104591145
2304,241281.0100331587
2305,192441.8498170185
2306,195680.80184941768
2307,187166.07654259444
2308,221770.76602341814
2309,261800.48248439538
2310,204335.22797430106
2311,198077.2934828744
2312,180505.37590336293
2313,183973.12647448684
2314,169711.99692111684
2315,189226.84154202856
2316,199951.86350652584
2317,183638.22167582222
2318,190510.23072300706
2319,181859.88361134994
2320,174711.86360063162
2321,236703.5525474592
2322,171864.2338653253
2323,177732.92369620976
2324,162804.66472157533
2325,210055.54479055788
2326,157715.5836020887
2327,212986.7453022288
2328,233729.9611076343
2329,186802.49812442248
2330,173053.4915467652
2331,381485.9264033496
2332,389400.3807020068
2333,308506.47991565656
2334,275967.1390851416
2335,258979.06865899882
2336,323930.78368757694
2337,181957.3556882338
2338,275659.0301994986
2339,208046.14719001536
2340,386513.93736791465
2341,207916.38414710204
2342,225107.16239030013
2343,223848.25076499282
2344,229586.07064292982
2345,239509.1844105314
2346,212021.32122851853
2347,196675.98728776202
2348,234270.43863766326
2349,187139.62873859637
2350,299686.89794642775
2351,244094.87534505993
2352,251188.32271686758
2353,284668.52317649894
2354,131130.55015930563
2355,142430.3793855086
2356,155110.1517946474
2357,202761.63423504814
2358,201633.40021130737
2359,131821.5611584702
2360,119699.5669642629
2361,148203.16423775174
2362,272599.27706403297
2363,134922.35398212282
2364,146794.60498682692
2365,207380.78237936366
2366,187554.79946209054
2367,224601.58494431546
2368,229140.98435333822
2369,220847.1071510835
2370,162747.9356574003
2371,175512.60018329872
2372,185402.98337990654
2373,265805.1739568075
2374,321278.77182778536
2375,246602.29556995555
2376,298991.54791094706
2377,357081.7453195364
2378,140205.07235207933
2379,188965.64857331495
2380,140688.359993524
2381,173045.49926579944
2382,174810.80385353928
2383,195029.73983329706
2384,240158.2696586262
2385,154570.207692934
2386,137916.61431186195
2387,139045.89115162718
2388,108249.53599709836
2389,130938.21017624713
2390,153867.46154761105
2391,151975.21053474495
2392,112726.86162311636
2393,159950.4981560348
2394,144342.09715132543
2395,188028.1860934977
2396,138286.93066110165
2397,210600.54943875156
2398,132740.2557107699
2399,78731.6570017087
2400,67476.3715286788
2401,107884.2040890242
2402,137873.67023402426
2403,149065.07059926866
2404,151900.23447414357
2405,161341.4067030718
2406,139642.37606933227
2407,121483.64807984473
2408,151990.29226344675
2409,134866.03628004596
2410,158537.07213164784
2411,118960.96147778974
2412,157277.6576862678
2413,136795.27044405448
2414,133529.21259615486
2415,133585.81823850772
2416,125466.34496753757
2417,130568.0128246775
2418,121602.10925572601
2419,121289.72637013519
2420,128272.52768617068
2421,158843.7105282653
2422,118974.79863659813
2423,148235.74839771056
2424,147529.18555408405
2425,301486.23431479384
2426,122413.31125216476
2427,150176.6344681854
2428,154635.393033884
2429,108739.55243971421
2430,121970.06351185973
2431,109061.62527618684
2432,145686.48410156483
2433,152346.59322193277
2434,149385.20248805688
2435,159953.80030013798
2436,113214.70330433258
2437,107801.14894498713
2438,133228.89530437492
2439,126165.26559727862
2440,118059.12082451688
2441,106260.58367232025
2442,109750.97173543194
2443,121710.87025325099
2444,134560.5505841537
2445,78379.47391581986
2446,133799.72507065165
2447,163991.36858700577
2448,131584.57886713732
2449,116865.842923303
2450,147124.70807019423
2451,133136.7737655027
2452,185372.55966032945
2453,88691.38255786044
2454,133447.63370170735
2455,112316.38125282565
2456,121044.42666188016
2457,120240.54094329037
2458,123441.21371372523
2459,115700.06177170017
2460,133503.6508268981
2461,108114.54276938137
2462,141527.6553857638
2463,122657.48614201648
2464,164992.03915270572
2465,132461.65649704318
2466,113040.24174485111
2467,126809.57010561958
2468,78075.90323629389
2469,79321.50956772726
2470,187470.00070873403
2471,198809.02096459764
2472,174146.9291662356
2473,119232.34385242278
2474,124107.40674806836
2475,199405.19926974067
2476,103825.31774040105
2477,132734.9064967329
2478,156574.10638374643
2479,121680.44997156867
2480,153480.02837473032
2481,128365.54630366326
2482,131581.69198258797
2483,119005.22264294124
2484,122345.79926292042
2485,124668.60596221303
2486,153935.68650484245
2487,192959.3558839023
2488,137373.3020611406
2489,148605.78280989366
2490,152487.63844085962
2491,92488.50277318171
2492,174377.59588851174
2493,154641.37022023214
2494,149441.6356588226
2495,90065.24650978387
2496,237776.8151143601
2497,140481.96651746234
2498,110660.74783330341
2499,92493.95228995693
2500,131087.9122659008
2501,141711.14107888538
2502,144491.7842123852
2503,95312.27036137745
2504,163221.53340752525
2505,225073.3970229897
2506,248479.79410869846
2507,306213.82295941305
2508,248804.0639287061
2509,223245.41475158586
2510,218380.92347211784
2511,175892.00783744513
2512,200475.86499424482
2513,217619.43714398012
2514,240130.13409099984
2515,150764.96065293477
2516,160790.39851746187
2517,136959.3022098166
2518,148193.62819798462
2519,226207.09424780763
2520,206697.5991337544
2521,194477.89328029993
2522,224443.95963780239
2523,135104.1561043563
2524,142068.94885362263
2525,141585.14080121953
2526,143200.52387105947
2527,127036.63653542464
2528,127386.40856392542
2529,146500.51786051915
2530,121504.97907257042
2531,255929.8592765943
2532,224763.6711892911
2533,196135.73404381712
2534,228452.56085330315
2535,316638.9052358226
2536,234871.87600701445
2537,224232.96435636742
2538,185537.46724860213
2539,179663.5712452943
2540,182639.27264625888
2541,188036.94056153987
2542,186548.08475692917
2543,127899.03842083142
2544,129444.40517501801
2545,134459.85284766837
2546,136323.320666568
2547,141575.09457218793
2548,158730.95738762504
2549,158194.61088541584
2550,289682.93724820734
2551,135549.4634542807
2552,124752.23630864196
2553,71601.20499110619
2554,93562.20360262995
2555,111770.76698557258
2556,114265.77250328485
2557,102281.26423265418
2558,158507.45983701566
2559,148048.64723533482
2560,136797.25912073048
2561,128557.4435956837
2562,136364.7016213034
2563,145982.53872475127
2564,186971.04131939512
2565,155672.94846471443
2566,170103.43169109733
2567,134804.33287857927
2568,192030.783582231
2569,203429.9413858063
2570,122838.1272397275
2571,189678.80823769883
2572,136142.06907788655
2573,213698.65742517466
2574,289289.7683110304
2575,138937.8772025504
2576,141881.30537445226
2577,166840.6035421572
2578,92632.56878133077
2579,80060.17615127155
2580,111305.98588815094
2581,120161.39671117853
2582,107872.9639636566
2583,268622.5158809406
2584,165859.54861824514
2585,221783.46060055328
2586,212230.3532630432
2587,183573.78134422484
2588,116571.10932920994
2589,143593.49764492377
2590,219312.74127808394
2591,231759.6828535146
2592,220248.23360355836
2593,239889.85860273486
2594,163026.5517188294
2595,181937.59968002237
2596,324997.8938679994
2597,211297.8873058973
2598,280202.1351953868
2599,308644.38893637614
2600,194363.65714336754
2601,148768.14788634024
2602,82420.573384728
2603,114958.76783095504
2604,88656.1860452339
2605,75929.82966966419
2606,165066.29191963273
2607,189624.09537296198
2608,194651.62909196154
2609,174189.65975568042
2610,119978.99905545656
2611,125306.620712338
2612,153348.02777405127
2613,138035.73902262325
2614,125540.01874576585
2615,152698.46525292625
2616,136703.18971534737
2617,181165.2704886339
2618,209883.25720963103
2619,200886.0791775276
2620,176241.40475258545
2621,173854.58557909256
2622,173872.04677572445
2623,242610.9161895362
2624,304260.8725667389
2625,335834.1257126162
2626,166471.55371066436
2627,163420.49430257143
2628,445506.65779542347
2629,631735.5943575437
2630,375826.05243540526
2631,453894.6071942795
2632,440295.5239407366
2633,321288.17395102105
2634,442900.57073584135
2635,152911.5043994431
2636,174511.12478270382
2637,179218.63494629605
2638,263404.39415086777
2639,184987.0554281089
2640,142060.93257028324
2641,109007.48618929404
2642,219694.75053684993
2643,102748.54551350279
2644,129636.28293771402
2645,103109.7302398922
2646,94741.66946289483
2647,101821.87140859965
2648,149301.60703389277
2649,144175.8790901054
2650,120869.41385146033
2651,149490.48360506364
2652,423304.9617375715
2653,242299.35603773288
2654,263283.71851387643
2655,391075.8722821585
2656,294194.6150008727
2657,329012.4223359701
2658,283484.6943026677
2659,326499.1273499113
2660,372963.7807207382
2661,365588.3182954344
2662,334946.15859536384
2663,262387.1634347932
2664,257574.69431117436
2665,333366.8800881215
2666,289071.258181653
2667,178022.95330240828
2668,187542.68428304404
2669,183052.478435486
2670,293394.24330474157
2671,190028.7065962669
2672,180656.108836291
2673,210161.32202940428
2674,207442.52338983704
2675,165722.85124945675
2676,190027.17965538954
2677,180842.50762758305
2678,264842.339932859
2679,268264.9187486123
2680,271870.84666633955
2681,425772.82407343434
2682,336196.7526767614
2683,540974.9506308076
2684,313946.8344526604
2685,345631.176623869
2686,241221.74134796162
2687,326181.9754515392
2688,216822.72987168157
2689,206811.60911074854
2690,473451.9495193385
2691,204934.13717223026
2692,129768.11748552755
2693,187701.28120910743
2694,138304.72261059782
2695,194558.7471571687
2696,186847.17982661855
2697,180218.05664878033
2698,189020.0682279976
2699,189948.91225340957
2700,173399.82294681834
2701,151951.38392686503
2702,119652.0027242592
2703,139936.35509986395
2704,135349.3274556945
2705,119298.01494012281
2706,110766.65573297506
2707,124147.00831940708
2708,129140.83504461091
2709,102366.90803724411
2710,128902.2743183057
2711,292597.5418626837
2712,376526.08167470817
2713,166604.82923605668
2714,158212.4232914425
2715,177087.04565433107
2716,152254.1847430004
2717,184380.69487957007
2718,223649.34444971252
2719,164201.32824565916
2720,159055.98078523725
2721,141739.8571429336
2722,174817.9635073659
2723,141698.80349929453
2724,134645.76740308932
2725,139250.1852553715
2726,137953.5754191255
2727,165117.36126531658
2728,169111.9087133491
2729,161904.8730757005
2730,140248.09771180482
2731,121131.2507920004
2732,131076.28217330802
2733,153097.84245554442
2734,155912.45233254466
2735,135981.7979974531
2736,141315.050173283
2737,120273.41398140274
2738,138688.6337163769
2739,168610.1335141389
2740,133906.68934543795
2741,160896.36055970364
2742,144023.20428412803
2743,145676.28751915912
2744,148995.63162843522
2745,132934.99461348826
2746,139009.1480486102
2747,148556.87270199644
2748,128959.85805492642
2749,131348.22066329015
2750,138058.40029221022
2751,137604.4419322426
2752,209316.07694839482
2753,133786.50506193243
2754,252987.0657474853
2755,121502.43000983419
2756,112461.59101894974
2757,83108.02511641593
2758,98059.5005554399
2759,148324.3944014226
2760,134782.0756924526
2761,142063.98561436826
2762,141862.3652360236
2763,179348.98347221938
2764,156223.34301385022
2765,263566.7017577111
2766,133705.12336878112
2767,90696.96105377607
2768,138229.17622302246
2769,145970.8076475705
2770,129884.95836093476
2771,113549.55365374111
2772,116219.87638108544
2773,184396.80599462654
2774,134527.82708296532
2775,122777.861636555
2776,136815.8449414908
2777,149719.36379433103
2778,99312.38601405254
2779,148094.6201375398
2780,85179.02741180445
2781,99524.42946955019
2782,101705.51044903816
2783,110124.48281295555
2784,127894.45887766716
2785,146257.35861191194
2786,89090.51832705265
2787,116954.54518972037
2788,89364.8571300546
2789,150302.5719905802
2790,87326.08227466773
2791,117727.19629814419
2792,57207.856614390395
2793,165590.06023446863
2794,114578.66976187011
2795,116039.23094320083
2796,101848.43872597751
2797,218363.45383110954
2798,119362.87150631781
2799,117947.05161556868
2800,71868.59287786896
2801,107544.09906995359
2802,139615.66752172532
2803,178223.64750738675
2804,148295.26719978615
2805,97536.13349782203
2806,78629.93282848899
2807,138922.428479499
2808,149813.01236151662
2809,125543.15609989432
2810,132588.75844532688
2811,158320.05848377198
2812,150611.65162436903
2813,197218.44097837264
2814,181703.58384483296
2815,97500.54558640193
2816,213725.77286898077
2817,154246.87545170414
2818,133761.03040891804
2819,189185.37609594275
2820,144136.34790927323
2821,103005.18835331332
2822,211658.68247886092
2823,291991.1442524614
2824,183022.89317295604
2825,168295.78190447052
2826,127885.11945981969
2827,126350.43662381281
2828,234322.75122545156
2829,192605.7598116731
2830,229068.20089069824
2831,170577.19825009137
2832,284695.3725075987
2833,302497.26942849526
2834,211767.26657107443
2835,220170.93628759598
2836,191925.80769438404
2837,163961.11308223027
2838,153974.79748581132
2839,188926.2695631545
2840,182684.59274091775
2841,205832.13628089553
2842,214458.1954028407
2843,143743.20371648023
2844,152223.50315660078
2845,116817.84354398516
2846,207926.67827144303
2847,191656.50162259873
2848,197789.5118588081
2849,204595.59551376992
2850,276717.08832937956
2851,224888.33172096906
2852,238887.24623491714
2853,237757.44123715506
2854,146101.17106628773
2855,201842.0820598739
2856,198967.7099137068
2857,189846.94272199404
2858,203617.17842393433
2859,133660.07000341665
2860,123161.55481034705
2861,139179.68767836923
2862,197056.07988310463
2863,128808.16491849178
2864,274544.63353460626
2865,140250.00918296573
2866,148194.71008255388
2867,95727.86788708696
2868,98582.7008609297
2869,106361.77372888992
2870,140639.73294117543
2871,98541.83202574291
2872,60977.332215408926
2873,109850.95287695933
2874,136811.10338979197
2875,94325.48273439355
2876,146892.75984204386
2877,131230.3596114742
2878,159735.211335214
2879,144200.55046154017
2880,93348.23824553599
2881,148533.10768025092
2882,178555.36332706345
2883,189457.5027250697
2884,192590.11670147328
2885,182561.7782734268
2886,233691.4081722242
2887,92536.37312373167
2888,137126.26632518758
2889,54009.57692802326
2890,86510.66533289907
2891,131701.9013713817
2892,46765.062022128855
2893,60020.0029303764
2894,55554.54196724122
2895,313909.17336047284
2896,278899.46150436247
2897,212458.27272508704
2898,144902.2094996432
2899,221510.25523196335
2900,147501.10204310363
2901,214750.76010263426
2902,190374.5746153346
2903,368186.0848498616
2904,361023.82020737085
2905,108743.59613036405
2906,182866.58787665743
2907,121511.72146472949
2908,131915.01096314995
2909,152130.50958572832
2910,90246.14411993939
2911,82420.573384728
2912,144985.18137588017
2913,87484.19635389288
2914,82437.22180416678
2915,86221.13304584326
2916,86943.29753749791
2917,146872.24924496948
2918,127630.96884689992
2919,203592.88907778994
